MIN=0	0	0	-0.1	0	0	
MAX=15	30	10	13	30	5	
SCALE=5	10	5	5	10	1	
DEC=1	2	2	2	2	2	
DEF="Time" t / s	"Voltage" U_A1 / V	"Voltage" U_B1 / V	"Collector Current" I_A / nA	"Acceleration Voltage" U_2 / V	"Frequency" f / Hz	
0	0.24	0.19	0.19	2.4	NAN	
0.1	0	0.22	0.22	0	NAN	
0.2	0.03	0.245	0.245	0.3	NAN	
0.301	0.06	0.255	0.255	0.6	NAN	
0.401	0.09	0.26	0.26	0.9	NAN	
0.501	0.12	0.265	0.265	1.2	NAN	
0.601	0.135	0.27	0.27	1.35	NAN	
0.701	0.165	0.285	0.285	1.65	NAN	
0.801	0.195	0.28	0.28	1.95	NAN	
0.901	0.225	0.285	0.285	2.25	NAN	
1.001	0.255	0.3	0.3	2.55	NAN	
1.101	0.285	0.3	0.3	2.85	NAN	
1.201	0.3	0.305	0.305	3	NAN	
1.301	0.33	0.325	0.325	3.3	NAN	
1.401	0.36	0.34	0.34	3.6	NAN	
1.501	0.375	0.345	0.345	3.75	NAN	
1.601	0.405	0.38	0.38	4.05	NAN	
1.701	0.42	0.4	0.4	4.2	NAN	
1.801	0.45	0.43	0.43	4.5	NAN	
1.901	0.48	0.475	0.475	4.8	NAN	
2.001	0.51	0.505	0.505	5.1	NAN	
2.101	0.54	0.525	0.525	5.4	NAN	
2.201	0.57	0.52	0.52	5.7	NAN	
2.301	0.585	0.505	0.505	5.85	NAN	
2.401	0.615	0.485	0.485	6.15	NAN	
2.501	0.645	0.47	0.47	6.45	NAN	
2.601	0.675	0.45	0.45	6.75	NAN	
2.701	0.69	0.44	0.44	6.9	NAN	
2.801	0.72	0.39	0.39	7.2	NAN	
2.901	0.735	0.45	0.45	7.35	NAN	
3.001	0.765	0.45	0.45	7.65	NAN	
3.101	0.795	0.48	0.48	7.95	NAN	
3.201	0.825	0.51	0.51	8.25	NAN	
3.301	0.84	0.555	0.555	8.4	NAN	
3.401	0.87	0.615	0.615	8.7	NAN	
3.501	0.9	0.675	0.675	9	NAN	
3.601	0.93	0.78	0.78	9.3	NAN	
3.701	0.96	0.83	0.83	9.6	NAN	
3.801	0.975	0.88	0.88	9.75	NAN	
3.901	1.005	0.92	0.92	10.05	NAN	
4.001	1.035	0.84	0.84	10.35	NAN	
4.101	1.065	0.76	0.76	10.65	NAN	
4.201	1.08	0.67	0.67	10.8	NAN	
4.301	1.11	0.565	0.565	11.1	NAN	
4.401	1.125	0.54	0.54	11.25	NAN	
4.501	1.155	0.52	0.52	11.55	NAN	
4.601	1.185	0.51	0.51	11.85	NAN	
4.701	1.215	0.53	0.53	12.15	NAN	
4.801	1.245	0.565	0.565	12.45	NAN	
4.901	1.26	0.615	0.615	12.6	NAN	
5.001	1.29	0.675	0.675	12.9	NAN	
5.101	1.32	0.795	0.795	13.2	NAN	
5.201	1.35	0.855	0.855	13.5	NAN	
5.301	1.365	0.96	0.96	13.65	NAN	
5.401	1.395	1.115	1.115	13.95	NAN	
5.501	1.41	1.23	1.23	14.1	NAN	
5.601	1.44	1.275	1.275	14.4	NAN	
5.701	1.47	1.365	1.365	14.7	NAN	
5.801	1.5	1.23	1.23	15	NAN	
5.901	1.515	1.075	1.075	15.15	NAN	
6.001	1.545	0.91	0.91	15.45	NAN	
6.101	1.575	0.76	0.76	15.75	NAN	
6.201	1.605	0.665	0.665	16.05	NAN	
6.301	1.62	0.655	0.655	16.2	NAN	
6.401	1.65	0.595	0.595	16.5	NAN	
6.501	1.68	0.615	0.615	16.8	NAN	
6.601	1.71	0.705	0.705	17.1	NAN	
6.701	1.74	0.735	0.735	17.4	NAN	
6.801	1.755	0.875	0.875	17.55	NAN	
6.901	1.77	0.935	0.935	17.7	NAN	
7.001	1.8	1.06	1.06	18	NAN	
7.101	1.83	1.26	1.26	18.3	NAN	
7.201	1.86	1.415	1.415	18.6	NAN	
7.301	1.89	1.58	1.58	18.9	NAN	
7.401	1.905	1.74	1.74	19.05	NAN	
7.501	1.935	1.78	1.78	19.35	NAN	
7.601	1.965	1.75	1.75	19.65	NAN	
7.701	1.995	1.57	1.57	19.95	NAN	
7.801	2.01	1.37	1.37	20.1	NAN	
7.901	2.04	1.125	1.125	20.4	NAN	
8.001	2.07	0.925	0.925	20.7	NAN	
8.101	2.085	0.8	0.8	20.85	NAN	
8.201	2.115	0.715	0.715	21.15	NAN	
8.301	2.13	0.7	0.7	21.3	NAN	
8.401	2.16	0.755	0.755	21.6	NAN	
8.501	2.19	0.83	0.83	21.9	NAN	
8.601	2.22	0.985	0.985	22.2	NAN	
8.701	2.25	1.11	1.11	22.5	NAN	
8.801	2.265	1.21	1.21	22.65	NAN	
8.901	2.295	1.425	1.425	22.95	NAN	
9.001	2.325	1.62	1.62	23.25	NAN	
9.101	2.355	1.825	1.825	23.55	NAN	
9.201	2.385	1.98	1.98	23.85	NAN	
9.301	2.4	2.16	2.16	24	NAN	
9.401	2.415	2.305	2.305	24.15	NAN	
9.501	2.445	2.16	2.16	24.45	NAN	
9.601	2.475	1.925	1.925	24.75	NAN	
9.701	2.505	1.65	1.65	25.05	NAN	
9.801	2.52	1.34	1.34	25.2	NAN	
9.901	2.55	1.105	1.105	25.5	NAN	
10.001	2.58	0.9	0.9	25.8	NAN	
10.101	2.61	0.83	0.83	26.1	NAN	
10.201	2.625	0.88	0.88	26.25	NAN	
10.301	2.655	0.93	0.93	26.55	NAN	
10.401	2.685	1.03	1.03	26.85	NAN	
10.501	2.715	1.12	1.12	27.15	NAN	
10.601	2.745	1.27	1.27	27.45	NAN	
10.701	2.76	1.505	1.505	27.6	NAN	
10.801	2.775	1.61	1.61	27.75	NAN	
10.901	2.805	1.92	1.92	28.05	NAN	
11.001	2.835	2.155	2.155	28.35	NAN	
11.101	2.865	2.45	2.45	28.65	NAN	
11.201	2.88	2.655	2.655	28.8	NAN	
11.301	2.91	2.71	2.71	29.1	NAN	
11.401	2.94	2.615	2.615	29.4	NAN	
11.501	2.97	2.34	2.34	29.7	NAN	
11.601	3	2.035	2.035	30	NAN	
11.701	3.015	1.685	1.685	30.15	NAN	
11.801	3.045	1.325	1.325	30.45	NAN	
11.901	3.075	1.045	1.045	30.75	NAN	
12.001	3.09	1.07	1.07	30.9	NAN	
12.101	3.12	1.035	1.035	31.2	NAN	
12.201	3.135	1.03	1.03	31.35	NAN	
12.301	3.165	1.135	1.135	31.65	NAN	
12.401	3.195	1.19	1.19	31.95	NAN	
12.501	3.195	1.23	1.23	31.95	NAN	
12.601	3.195	1.165	1.165	31.95	NAN	
12.701	3.195	1.215	1.215	31.95	NAN	
12.801	3.195	1.155	1.155	31.95	NAN	
12.901	3.195	1.16	1.16	31.95	NAN	
13.001	3.195	1.145	1.145	31.95	NAN	
13.101	3.195	1.135	1.135	31.95	NAN	
13.201	3.195	1.05	1.05	31.95	NAN	
13.301	3.195	1.18	1.18	31.95	NAN	
13.401	3.195	1.135	1.135	31.95	NAN	
13.501	3.195	1.13	1.13	31.95	NAN	
13.601	3.195	1.02	1.02	31.95	NAN	
13.701	3.195	1.105	1.105	31.95	NAN	
13.801	3.195	1.115	1.115	31.95	NAN	
13.901	3.195	1.11	1.11	31.95	NAN	
14.001	3.195	1.155	1.155	31.95	NAN	
14.101	3.195	1.11	1.11	31.95	NAN	
14.201	3.195	1.11	1.11	31.95	NAN	
14.301	3.195	1.105	1.105	31.95	NAN	
14.401	3.195	1.095	1.095	31.95	NAN	
14.501	3.195	0.9	0.9	31.95	NAN	
14.601	3.195	1.095	1.095	31.95	NAN	
14.701	3.195	1.145	1.145	31.95	NAN	
14.801	3.195	1.085	1.085	31.95	NAN	
14.901	3.195	1.13	1.13	31.95	NAN	
