MIN=0	0	0	-0.1	0	0	
MAX=15	30	10	13	30	5	
SCALE=5	10	5	5	10	1	
DEC=1	2	2	2	2	2	
DEF="Time" t / s	"Voltage" U_A1 / V	"Voltage" U_B1 / V	"Collector Current" I_A / nA	"Acceleration Voltage" U_2 / V	"Frequency" f / Hz	
0	0.33	-0.03	-0.03	3.3	NAN	
0.1	0	-0.035	-0.035	0	NAN	
0.2	0.03	-0.045	-0.045	0.3	NAN	
0.3	0.21	-0.015	-0.015	2.1	NAN	
0.4	0.27	-0.03	-0.03	2.7	NAN	
0.5	0.18	-0.04	-0.04	1.8	NAN	
0.6	0.135	-0.04	-0.04	1.35	NAN	
0.7	0.165	-0.04	-0.04	1.65	NAN	
0.8	0.195	-0.035	-0.035	1.95	NAN	
0.9	0.225	-0.03	-0.03	2.25	NAN	
1	0.255	-0.03	-0.03	2.55	NAN	
1.1	0.27	-0.03	-0.03	2.7	NAN	
1.2	0.3	-0.03	-0.03	3	NAN	
1.3	0.33	-0.025	-0.025	3.3	NAN	
1.4	0.36	-0.01	-0.01	3.6	NAN	
1.5	0.375	0.02	0.02	3.75	NAN	
1.6	0.405	0.07	0.07	4.05	NAN	
1.7	0.42	0.085	0.085	4.2	NAN	
1.8	0.45	0.075	0.075	4.5	NAN	
1.9	0.48	0.04	0.04	4.8	NAN	
2	0.51	0.02	0.02	5.1	NAN	
2.1	0.54	0	0	5.4	NAN	
2.2	0.57	0	0	5.7	NAN	
2.3	0.6	-0.02	-0.02	6	NAN	
2.4	0.615	-0.03	-0.03	6.15	NAN	
2.5	0.645	-0.025	-0.025	6.45	NAN	
2.6	0.675	-0.02	-0.02	6.75	NAN	
2.7	0.705	-0.025	-0.025	7.05	NAN	
2.8	0.72	-0.02	-0.02	7.2	NAN	
2.9	0.75	-0.005	-0.005	7.5	NAN	
3	0.765	0.03	0.03	7.65	NAN	
3.1	0.795	0.135	0.135	7.95	NAN	
3.2	0.825	0.285	0.285	8.25	NAN	
3.3	0.855	0.445	0.445	8.55	NAN	
3.4	0.885	0.765	0.765	8.85	NAN	
3.5	0.915	0.82	0.82	9.15	NAN	
3.6	0.945	0.83	0.83	9.45	NAN	
3.7	0.96	0.73	0.73	9.6	NAN	
3.8	0.99	0.32	0.32	9.9	NAN	
3.9	1.02	0.16	0.16	10.2	NAN	
4	1.05	0.05	0.05	10.5	NAN	
4.1	1.08	-0.01	-0.01	10.8	NAN	
4.2	1.08	-0.01	-0.01	10.8	NAN	
4.3	1.11	0.015	0.015	11.1	NAN	
4.4	1.14	-0.005	-0.005	11.4	NAN	
4.5	1.17	0	0	11.7	NAN	
4.6	1.2	0	0	12	NAN	
4.7	1.23	0.03	0.03	12.3	NAN	
4.8	1.245	0.155	0.155	12.45	NAN	
4.9	1.275	0.27	0.27	12.75	NAN	
5	1.305	0.53	0.53	13.05	NAN	
5.1	1.335	0.83	0.83	13.35	NAN	
5.2	1.365	1.23	1.23	13.65	NAN	
5.3	1.38	1.58	1.58	13.8	NAN	
5.4	1.41	1.845	1.845	14.1	NAN	
5.5	1.425	1.925	1.925	14.25	NAN	
5.6	1.455	1.395	1.395	14.55	NAN	
5.7	1.47	1.155	1.155	14.7	NAN	
5.8	1.5	0.785	0.785	15	NAN	
5.9	1.53	0.355	0.355	15.3	NAN	
6	1.56	0.25	0.25	15.6	NAN	
6.1	1.59	0.08	0.08	15.9	NAN	
6.2	1.605	0.09	0.09	16.05	NAN	
6.3	1.635	0.075	0.075	16.35	NAN	
6.4	1.665	0.04	0.04	16.65	NAN	
6.5	1.695	0.085	0.085	16.95	NAN	
6.6	1.725	0.31	0.31	17.25	NAN	
6.7	1.755	0.45	0.45	17.55	NAN	
6.8	1.755	0.725	0.725	17.55	NAN	
6.9	1.785	1.095	1.095	17.85	NAN	
7	1.815	1.51	1.51	18.15	NAN	
7.1	1.845	2	2	18.45	NAN	
7.2	1.875	2.545	2.545	18.75	NAN	
7.3	1.905	2.905	2.905	19.05	NAN	
7.4	1.92	2.965	2.965	19.2	NAN	
7.5	1.95	2.7	2.7	19.5	NAN	
7.6	1.965	2.23	2.23	19.65	NAN	
7.7	1.995	1.715	1.715	19.95	NAN	
7.8	2.04	1.185	1.185	20.4	NAN	
7.9	2.055	0.785	0.785	20.55	NAN	
8	2.085	0.54	0.54	20.85	NAN	
8.1	2.1	0.47	0.47	21	NAN	
8.2	2.13	0.165	0.165	21.3	NAN	
8.3	2.16	0.3	0.3	21.6	NAN	
8.4	2.19	0.49	0.49	21.9	NAN	
8.5	2.205	0.61	0.61	22.05	NAN	
8.6	2.235	0.8	0.8	22.35	NAN	
8.7	2.25	1.045	1.045	22.5	NAN	
8.8	2.28	1.51	1.51	22.8	NAN	
8.9	2.31	2.22	2.22	23.1	NAN	
9	2.34	2.825	2.825	23.4	NAN	
9.1	2.37	3.445	3.445	23.7	NAN	
9.2	2.4	3.99	3.99	24	NAN	
9.3	2.43	4.34	4.34	24.3	NAN	
9.4	2.445	4.265	4.265	24.45	NAN	
9.5	2.46	3.96	3.96	24.6	NAN	
9.6	2.49	3.355	3.355	24.9	NAN	
9.7	2.505	2.665	2.665	25.05	NAN	
9.8	2.55	2.08	2.08	25.5	NAN	
9.9	2.565	1.675	1.675	25.65	NAN	
10	2.595	1.215	1.215	25.95	NAN	
10.1	2.625	0.92	0.92	26.25	NAN	
10.2	2.655	0.865	0.865	26.55	NAN	
10.3	2.67	0.81	0.81	26.7	NAN	
10.4	2.7	0.91	0.91	27	NAN	
10.5	2.73	1.215	1.215	27.3	NAN	
10.6	2.76	1.435	1.435	27.6	NAN	
10.7	2.775	2.1	2.1	27.75	NAN	
10.8	2.805	2.765	2.765	28.05	NAN	
10.9	2.82	3.435	3.435	28.2	NAN	
11	2.85	4.3	4.3	28.5	NAN	
11.1	2.88	5.245	5.245	28.8	NAN	
11.2	2.91	5.575	5.575	29.1	NAN	
11.3	2.925	5.89	5.89	29.25	NAN	
11.4	2.955	5.85	5.85	29.55	NAN	
11.5	2.985	5.58	5.58	29.85	NAN	
11.6	3.015	4.97	4.97	30.15	NAN	
11.7	3.03	4.34	4.34	30.3	NAN	
11.8	3.06	3.68	3.68	30.6	NAN	
11.9	3.075	3.035	3.035	30.75	NAN	
12	3.105	2.595	2.595	31.05	NAN	
12.1	3.12	2.215	2.215	31.2	NAN	
12.2	3.15	1.975	1.975	31.5	NAN	
12.3	3.18	1.88	1.88	31.8	NAN	
12.4	3.195	1.77	1.77	31.95	NAN	
12.5	3.18	1.765	1.765	31.8	NAN	
12.6	3.18	1.765	1.765	31.8	NAN	
12.7	3.195	1.765	1.765	31.95	NAN	
12.8	3.195	1.84	1.84	31.95	NAN	
12.9	3.195	1.85	1.85	31.95	NAN	
13	3.195	1.845	1.845	31.95	NAN	
13.1	3.195	1.84	1.84	31.95	NAN	
13.2	3.195	1.805	1.805	31.95	NAN	
13.3	3.195	1.845	1.845	31.95	NAN	
13.4	3.195	1.84	1.84	31.95	NAN	
13.5	3.195	1.76	1.76	31.95	NAN	
13.6	3.195	1.755	1.755	31.95	NAN	
13.7	3.195	1.755	1.755	31.95	NAN	
13.8	3.195	1.76	1.76	31.95	NAN	
13.9	3.18	1.755	1.755	31.8	NAN	
14	3.195	1.775	1.775	31.95	NAN	
14.1	3.195	1.815	1.815	31.95	NAN	
14.2	3.18	1.815	1.815	31.8	NAN	
14.3	3.195	1.815	1.815	31.95	NAN	
14.413	3.195	1.185	1.185	31.95	NAN	
14.5	3.195	1.715	1.715	31.95	NAN	
14.6	3.18	1.845	1.845	31.8	NAN	
14.7	3.18	1.74	1.74	31.8	NAN	
14.8	3.195	1.74	1.74	31.95	NAN	
14.9	3.195	1.735	1.735	31.95	NAN	
15	3.195	1.735	1.735	31.95	NAN	
