MIN=0	0	0	-0.1	0	0	
MAX=15	30	10	13	30	5	
SCALE=5	10	5	5	10	1	
DEC=1	2	2	2	2	2	
DEF="Time" t / s	"Voltage" U_A1 / V	"Voltage" U_B1 / V	"Collector Current" I_A / nA	"Acceleration Voltage" U_2 / V	"Frequency" f / Hz	
0	0.105	0.295	0.295	1.05	NAN	
0.101	0.135	0.305	0.305	1.35	NAN	
0.201	0.165	0.275	0.275	1.65	NAN	
0.301	0.18	0.33	0.33	1.8	NAN	
0.401	0.195	0.38	0.38	1.95	NAN	
0.501	0.225	0.48	0.48	2.25	NAN	
0.601	0.255	0.635	0.635	2.55	NAN	
0.701	0.285	0.865	0.865	2.85	NAN	
0.801	0.315	1.17	1.17	3.15	NAN	
0.901	0.33	1.56	1.56	3.3	NAN	
1.001	0.36	2.035	2.035	3.6	NAN	
1.101	0.39	2.675	2.675	3.9	NAN	
1.201	0.42	3.315	3.315	4.2	NAN	
1.301	0.45	3.66	3.66	4.5	NAN	
1.401	0.48	3.645	3.645	4.8	NAN	
1.501	0.495	3.02	3.02	4.95	NAN	
1.601	0.51	2.425	2.425	5.1	NAN	
1.701	0.54	1.83	1.83	5.4	NAN	
1.801	0.57	1.43	1.43	5.7	NAN	
1.901	0.6	1.085	1.085	6	NAN	
2.001	0.615	0.865	0.865	6.15	NAN	
2.101	0.645	0.825	0.825	6.45	NAN	
2.201	0.675	0.945	0.945	6.75	NAN	
2.301	0.705	1.245	1.245	7.05	NAN	
2.401	0.735	1.7	1.7	7.35	NAN	
2.501	0.75	2.35	2.35	7.5	NAN	
2.601	0.78	3.365	3.365	7.8	NAN	
2.701	0.81	4.24	4.24	8.1	NAN	
2.801	0.84	5.475	5.475	8.4	NAN	
2.901	0.855	6.925	6.925	8.55	NAN	
3.001	0.87	8.425	8.425	8.7	NAN	
3.101	0.9	9.67	9.67	9	NAN	
3.201	0.93	9.75	9.75	9.3	NAN	
3.301	0.96	8.38	8.38	9.6	NAN	
3.401	0.99	6.3	6.3	9.9	NAN	
3.501	1.005	4.26	4.26	10.05	NAN	
3.601	1.035	2.83	2.83	10.35	NAN	
3.701	1.065	1.825	1.825	10.65	NAN	
3.801	1.095	1.23	1.23	10.95	NAN	
3.901	1.125	1.06	1.06	11.25	NAN	
4.001	1.14	1.255	1.255	11.4	NAN	
4.101	1.17	1.745	1.745	11.7	NAN	
4.201	1.185	2.505	2.505	11.85	NAN	
4.301	1.215	3.57	3.57	12.15	NAN	
4.401	1.245	4.91	4.91	12.45	NAN	
4.501	1.26	6.535	6.535	12.6	NAN	
4.601	1.29	8.465	8.465	12.9	NAN	
4.701	1.32	10.245	10.245	13.2	NAN	
4.801	1.35	10.245	10.245	13.5	NAN	
4.901	1.38	10.245	10.245	13.8	NAN	
5.001	1.395	10.245	10.245	13.95	NAN	
5.101	1.425	10.245	10.245	14.25	NAN	
5.201	1.455	10.245	10.245	14.55	NAN	
5.301	1.485	9.81	9.81	14.85	NAN	
5.401	1.515	6.515	6.515	15.15	NAN	
5.501	1.515	4.09	4.09	15.15	NAN	
5.601	1.545	2.475	2.475	15.45	NAN	
5.701	1.575	1.725	1.725	15.75	NAN	
5.801	1.605	1.57	1.57	16.05	NAN	
5.901	1.635	1.995	1.995	16.35	NAN	
6.001	1.65	2.795	2.795	16.5	NAN	
6.101	1.68	4.215	4.215	16.8	NAN	
6.201	1.71	5.66	5.66	17.1	NAN	
6.301	1.74	7.725	7.725	17.4	NAN	
6.401	1.77	10.09	10.09	17.7	NAN	
6.501	1.785	10.245	10.245	17.85	NAN	
6.601	1.815	10.245	10.245	18.15	NAN	
6.701	1.845	10.245	10.245	18.45	NAN	
6.801	1.86	10.245	10.245	18.6	NAN	
6.901	1.89	10.245	10.245	18.9	NAN	
7.001	1.905	10.245	10.245	19.05	NAN	
7.101	1.935	10.245	10.245	19.35	NAN	
7.201	1.965	10.245	10.245	19.65	NAN	
7.301	1.995	10.245	10.245	19.95	NAN	
7.401	2.01	7.08	7.08	20.1	NAN	
7.501	2.04	4.445	4.445	20.4	NAN	
7.601	2.07	3	3	20.7	NAN	
7.701	2.1	2.565	2.565	21	NAN	
7.801	2.13	2.88	2.88	21.3	NAN	
7.901	2.145	3.865	3.865	21.45	NAN	
8.001	2.175	5.46	5.46	21.75	NAN	
8.101	2.19	7.525	7.525	21.9	NAN	
8.201	2.22	10	10	22.2	NAN	
8.301	2.25	10.245	10.245	22.5	NAN	
8.401	2.265	10.245	10.245	22.65	NAN	
8.501	2.295	10.245	10.245	22.95	NAN	
8.601	2.325	10.245	10.245	23.25	NAN	
8.701	2.355	10.245	10.245	23.55	NAN	
8.801	2.385	10.245	10.245	23.85	NAN	
8.901	2.4	10.245	10.245	24	NAN	
9.001	2.43	10.245	10.245	24.3	NAN	
9.101	2.46	10.245	10.245	24.6	NAN	
9.201	2.49	10.245	10.245	24.9	NAN	
9.301	2.505	10.245	10.245	25.05	NAN	
9.401	2.52	8.745	8.745	25.2	NAN	
9.501	2.55	6.085	6.085	25.5	NAN	
9.601	2.58	4.635	4.635	25.8	NAN	
9.701	2.61	4.44	4.44	26.1	NAN	
9.801	2.625	5.155	5.155	26.25	NAN	
9.901	2.655	6.73	6.73	26.55	NAN	
10.001	2.685	8.93	8.93	26.85	NAN	
10.101	2.715	10.245	10.245	27.15	NAN	
10.201	2.745	10.245	10.245	27.45	NAN	
10.301	2.76	10.245	10.245	27.6	NAN	
10.401	2.79	10.245	10.245	27.9	NAN	
10.501	2.82	10.245	10.245	28.2	NAN	
10.601	2.85	10.245	10.245	28.5	NAN	
10.701	2.865	10.245	10.245	28.65	NAN	
10.801	2.88	10.245	10.245	28.8	NAN	
10.901	2.91	10.245	10.245	29.1	NAN	
11.001	2.94	10.245	10.245	29.4	NAN	
11.101	2.97	10.245	10.245	29.7	NAN	
11.201	3	10.245	10.245	30	NAN	
11.301	3.015	10.245	10.245	30.15	NAN	
11.401	3.045	10.245	10.245	30.45	NAN	
11.501	3.075	9.225	9.225	30.75	NAN	
11.601	3.105	7.775	7.775	31.05	NAN	
11.701	3.135	7.6	7.6	31.35	NAN	
11.801	3.15	8.5	8.5	31.5	NAN	
11.901	3.18	10.22	10.22	31.8	NAN	
12.001	3.195	10.245	10.245	31.95	NAN	
12.101	3.195	10.245	10.245	31.95	NAN	
12.201	3.195	10.245	10.245	31.95	NAN	
12.301	3.195	10.245	10.245	31.95	NAN	
12.401	3.195	10.245	10.245	31.95	NAN	
12.501	3.195	10.245	10.245	31.95	NAN	
12.601	3.195	10.245	10.245	31.95	NAN	
12.701	3.195	10.245	10.245	31.95	NAN	
12.801	3.195	10.245	10.245	31.95	NAN	
12.901	3.195	10.245	10.245	31.95	NAN	
13.001	3.195	10.245	10.245	31.95	NAN	
13.101	3.195	10.245	10.245	31.95	NAN	
13.201	3.195	10.245	10.245	31.95	NAN	
13.301	3.195	10.245	10.245	31.95	NAN	
13.401	3.195	10.245	10.245	31.95	NAN	
13.501	3.195	10.245	10.245	31.95	NAN	
13.601	3.195	10.245	10.245	31.95	NAN	
13.701	3.195	10.245	10.245	31.95	NAN	
13.801	3.195	10.245	10.245	31.95	NAN	
13.901	3.195	10.245	10.245	31.95	NAN	
14.001	3.195	10.245	10.245	31.95	NAN	
14.101	3.195	10.245	10.245	31.95	NAN	
14.201	3.195	10.245	10.245	31.95	NAN	
14.301	3.195	10.245	10.245	31.95	NAN	
14.401	3.195	10.245	10.245	31.95	NAN	
14.501	3.195	10.245	10.245	31.95	NAN	
14.601	3.195	10.245	10.245	31.95	NAN	
14.701	3.195	10.245	10.245	31.95	NAN	
14.801	3.195	10.245	10.245	31.95	NAN	
14.901	3.195	10.245	10.245	31.95	NAN	
