0,0	-0,58304
0,5	-0,58348
1,0	-0,58210
1,5	-0,58112
2,0	-0,57946
2,5	-0,58008
3,0	-0,57806
3,5	-0,57896
4,0	-0,57800
4,5	-0,57890
5,0	-0,58186
5,5	-0,58126
6,0	-0,58124
6,5	-0,58392
7,0	-0,58494
7,5	-0,58242
8,0	-0,58256
8,5	-0,58338
9,0	-0,58322
9,5	-0,58368
10,0	-0,58372
10,5	-0,58134
11,0	-0,58156
11,5	-0,58220
12,0	-0,58288
12,5	-0,58272
13,0	-0,58178
13,5	-0,58232
14,0	-0,58214
14,5	-0,58238
15,0	-0,58364
15,5	-0,58456
16,0	-0,58588
16,5	-0,58606
17,0	-0,58438
17,5	-0,58534
18,0	-0,58532
18,5	-0,58438
19,0	-0,58564
19,5	-0,58560
20,0	-0,58470
20,5	-0,58642
21,0	-0,58658
21,5	-0,58754
22,0	-0,58504
22,5	-0,58552
23,0	-0,58508
23,5	-0,58402
24,0	-0,58386
24,5	-0,58522
25,0	-0,58566
25,5	-0,58422
26,0	-0,58404
26,5	-0,58394
27,0	-0,58406
27,5	-0,58636
28,0	-0,58468
28,5	-0,58444
29,0	-0,58714
29,5	-0,58404
30,0	-0,58552
30,5	-0,58588
31,0	-0,58550
31,5	-0,58426
32,0	-0,58238
32,5	-0,58068
33,0	-0,58212
33,5	-0,58392
34,0	-0,58336
34,5	-0,58188
35,0	-0,58126
35,5	-0,58146
36,0	-0,58140
36,5	-0,58228
37,0	-0,58136
37,5	-0,58158
38,0	-0,58242
38,5	-0,58136
39,0	-0,58156
39,5	-0,58372
40,0	-0,58262
40,5	-0,58078
41,0	-0,58020
41,5	-0,57920
42,0	-0,58172
42,5	-0,58066
43,0	-0,58068
43,5	-0,58206
44,0	-0,57968
44,5	-0,57918
45,0	-0,58068
45,5	-0,58088
46,0	-0,58054
46,5	-0,58068
47,0	-0,57986
47,5	-0,57762
48,0	-0,57866
48,5	-0,57968
49,0	-0,58012
49,5	-0,58298
50,0	-0,58304
50,5	-0,58236
51,0	-0,58258
51,5	-0,58108
52,0	-0,58148
52,5	-0,58224
53,0	-0,58170
53,5	-0,57994
54,0	-0,57948
54,5	-0,58010
55,0	-0,58334
55,5	-0,58410
56,0	-0,58262
56,5	-0,58330
57,0	-0,58584
57,5	-0,58546
58,0	-0,58554
58,5	-0,58566
59,0	-0,58444
59,5	-0,58462
60,0	-0,58486
60,5	-0,58302
61,0	-0,58558
61,5	-0,58714
62,0	-0,58716
62,5	-0,58556
63,0	-0,58484
63,5	-0,58180
64,0	-0,58304
64,5	-0,58530
65,0	-0,58614
65,5	-0,58254
66,0	-0,58170
66,5	-0,58128
67,0	-0,58328
67,5	-0,58228
68,0	-0,58040
68,5	-0,58084
69,0	-0,58108
69,5	-0,58244
70,0	-0,58406
70,5	-0,58452
71,0	-0,58322
71,5	-0,58112
72,0	-0,57974
72,5	-0,58020
73,0	-0,57768
73,5	-0,58034
74,0	-0,58328
74,5	-0,58408
75,0	-0,58212
75,5	-0,58190
76,0	-0,58274
76,5	-0,58142
77,0	-0,58258
77,5	-0,58224
78,0	-0,57872
78,5	-0,57706
79,0	-0,57966
79,5	-0,57996
80,0	-0,58136
80,5	-0,58098
81,0	-0,57924
81,5	-0,58020
82,0	-0,58030
82,5	-0,57854
83,0	-0,57998
83,5	-0,58246
84,0	-0,58350
84,5	-0,57950
85,0	-0,58080
85,5	-0,58142
86,0	-0,58192
86,5	-0,58328
87,0	-0,58022
87,5	-0,57954
88,0	-0,57952
88,5	-0,58042
89,0	-0,58316
89,5	-0,58214
90,0	-0,58168
90,5	-0,58286
91,0	-0,58240
91,5	-0,58086
92,0	-0,58262
92,5	-0,58250
93,0	-0,58194
93,5	-0,58258
94,0	-0,58316
94,5	-0,58278
95,0	-0,58202
95,5	-0,58152
96,0	-0,58216
96,5	-0,58166
97,0	-0,58132
97,5	-0,58040
98,0	-0,58010
98,5	-0,57922
99,0	-0,57946
99,5	-0,57838
100,0	-0,57992
100,5	-0,57998
101,0	-0,58104
101,5	-0,58260
102,0	-0,58238
102,5	-0,58336
103,0	-0,58096
103,5	-0,58070
104,0	-0,58158
104,5	-0,58010
105,0	-0,58192
105,5	-0,58232
106,0	-0,58136
106,5	-0,58134
107,0	-0,58230
107,5	-0,58312
108,0	-0,58462
108,5	-0,58452
109,0	-0,58442
109,5	-0,58274
110,0	-0,58286
110,5	-0,58354
111,0	-0,58630
111,5	-0,58692
112,0	-0,58382
112,5	-0,58358
113,0	-0,58246
113,5	-0,58398
114,0	-0,58476
114,5	-0,58264
115,0	-0,58334
115,5	-0,58296
116,0	-0,58154
116,5	-0,58146
117,0	-0,58260
117,5	-0,58250
118,0	-0,58346
118,5	-0,58272
119,0	-0,58380
119,5	-0,58234
120,0	-0,58122
120,5	-0,58358
121,0	-0,58420
121,5	-0,58288
122,0	-0,58262
122,5	-0,58314
123,0	-0,58244
123,5	-0,58128
124,0	-0,58238
124,5	-0,58150
125,0	-0,58182
125,5	-0,58304
126,0	-0,58254
126,5	-0,58192
127,0	-0,58084
127,5	-0,58042
128,0	-0,58074
128,5	-0,58030
129,0	-0,58144
129,5	-0,58060
130,0	-0,58146
130,5	-0,58122
131,0	-0,57984
131,5	-0,58220
132,0	-0,58302
132,5	-0,58302
133,0	-0,58256
133,5	-0,58324
134,0	-0,58312
134,5	-0,58320
135,0	-0,58612
135,5	-0,58688
136,0	-0,58574
136,5	-0,58246
137,0	-0,57998
137,5	-0,58034
138,0	-0,57970
138,5	-0,57942
139,0	-0,58036
139,5	-0,57860
140,0	-0,57876
140,5	-0,57876
141,0	-0,58114
141,5	-0,58232
142,0	-0,58050
142,5	-0,57896
143,0	-0,57832
143,5	-0,57966
144,0	-0,58228
144,5	-0,58132
145,0	-0,57996
145,5	-0,57896
146,0	-0,57994
146,5	-0,57830
147,0	-0,57664
147,5	-0,57782
148,0	-0,58026
148,5	-0,57914
149,0	-0,57964
149,5	-0,58082
150,0	-0,58164
150,5	-0,58010
151,0	-0,57954
151,5	-0,58060
152,0	-0,57940
152,5	-0,57606
153,0	-0,57648
153,5	-0,57752
154,0	-0,57806
154,5	-0,57700
155,0	-0,57696
155,5	-0,57678
156,0	-0,57706
156,5	-0,57778
157,0	-0,58042
157,5	-0,57970
158,0	-0,57912
158,5	-0,57920
159,0	-0,57802
159,5	-0,57960
160,0	-0,58006
160,5	-0,57988
161,0	-0,57850
161,5	-0,57748
162,0	-0,57596
162,5	-0,57760
163,0	-0,57710
163,5	-0,57774
164,0	-0,57498
164,5	-0,57434
165,0	-0,57692
165,5	-0,57710
166,0	-0,57678
166,5	-0,57842
167,0	-0,57876
167,5	-0,57756
168,0	-0,57790
168,5	-0,57748
169,0	-0,57850
169,5	-0,57820
170,0	-0,57906
170,5	-0,57824
171,0	-0,57986
171,5	-0,57966
172,0	-0,58062
172,5	-0,58262
173,0	-0,58268
173,5	-0,58156
174,0	-0,58062
174,5	-0,58090
175,0	-0,57880
175,5	-0,57830
176,0	-0,57952
176,5	-0,58012
177,0	-0,57972
177,5	-0,57928
178,0	-0,57630
178,5	-0,57796
179,0	-0,58012
179,5	-0,58048
180,0	-0,58178
180,5	-0,58066
181,0	-0,58016
181,5	-0,58124
182,0	-0,58148
182,5	-0,57892
183,0	-0,58062
183,5	-0,58026
184,0	-0,58018
184,5	-0,57940
185,0	-0,57836
185,5	-0,57706
186,0	-0,57406
186,5	-0,57536
187,0	-0,57480
187,5	-0,57628
188,0	-0,57826
188,5	-0,57596
189,0	-0,57594
189,5	-0,57564
190,0	-0,57410
190,5	-0,57304
191,0	-0,57468
191,5	-0,57588
192,0	-0,57658
192,5	-0,57744
193,0	-0,57722
193,5	-0,57794
194,0	-0,57832
194,5	-0,57942
195,0	-0,57986
195,5	-0,57974
196,0	-0,57934
196,5	-0,57980
197,0	-0,57944
197,5	-0,58054
198,0	-0,58066
198,5	-0,57780
199,0	-0,57872
199,5	-0,57974
200,0	-0,57944
200,5	-0,57964
201,0	-0,58014
201,5	-0,57860
202,0	-0,57820
202,5	-0,57928
203,0	-0,57726
203,5	-0,57614
204,0	-0,57714
204,5	-0,57686
205,0	-0,57814
205,5	-0,57644
206,0	-0,57668
206,5	-0,57888
207,0	-0,58042
207,5	-0,58004
208,0	-0,57922
208,5	-0,57692
209,0	-0,57734
209,5	-0,57726
210,0	-0,57784
210,5	-0,57720
211,0	-0,57428
211,5	-0,57404
212,0	-0,57552
212,5	-0,57724
213,0	-0,57964
213,5	-0,57870
214,0	-0,57636
214,5	-0,57642
215,0	-0,57798
215,5	-0,57922
216,0	-0,57788
216,5	-0,57744
217,0	-0,57734
217,5	-0,57712
218,0	-0,57848
218,5	-0,57966
219,0	-0,58290
219,5	-0,58110
220,0	-0,57750
220,5	-0,57628
221,0	-0,57532
221,5	-0,57492
222,0	-0,57716
222,5	-0,58000
223,0	-0,57946
223,5	-0,58018
224,0	-0,57976
224,5	-0,57886
225,0	-0,57728
225,5	-0,57720
226,0	-0,57664
226,5	-0,57330
227,0	-0,57516
227,5	-0,57514
228,0	-0,57644
228,5	-0,57624
229,0	-0,57478
229,5	-0,57382
230,0	-0,57460
230,5	-0,57364
231,0	-0,57614
231,5	-0,57908
232,0	-0,57746
232,5	-0,57680
233,0	-0,57560
233,5	-0,57568
234,0	-0,57822
234,5	-0,58072
235,0	-0,57994
235,5	-0,57854
236,0	-0,57718
236,5	-0,57536
237,0	-0,57396
237,5	-0,57572
238,0	-0,57676
238,5	-0,57756
239,0	-0,57854
239,5	-0,58058
240,0	-0,57872
240,5	-0,57916
241,0	-0,57890
241,5	-0,57842
242,0	-0,57774
242,5	-0,57980
243,0	-0,57942
243,5	-0,57900
244,0	-0,58032
244,5	-0,57828
245,0	-0,57546
245,5	-0,57490
246,0	-0,57574
246,5	-0,57666
247,0	-0,57712
247,5	-0,57834
248,0	-0,57876
248,5	-0,57934
249,0	-0,57840
249,5	-0,57778
250,0	-0,58170
250,5	-0,57890
251,0	-0,57878
251,5	-0,57766
252,0	-0,57688
252,5	-0,57780
253,0	-0,57794
253,5	-0,58048
254,0	-0,58122
254,5	-0,58188
255,0	-0,58182
255,5	-0,58042
256,0	-0,57950
256,5	-0,57836
257,0	-0,57778
257,5	-0,57810
258,0	-0,57692
258,5	-0,57926
259,0	-0,57984
259,5	-0,58124
260,0	-0,58060
260,5	-0,58038
261,0	-0,57906
261,5	-0,58000
262,0	-0,58134
262,5	-0,58150
263,0	-0,58074
263,5	-0,58032
264,0	-0,57974
264,5	-0,58026
265,0	-0,57976
265,5	-0,57940
266,0	-0,58138
266,5	-0,58040
267,0	-0,58038
267,5	-0,57894
268,0	-0,57936
268,5	-0,57958
269,0	-0,57960
269,5	-0,58032
270,0	-0,58156
270,5	-0,58284
271,0	-0,58382
271,5	-0,58542
272,0	-0,58542
272,5	-0,58448
273,0	-0,58154
273,5	-0,58098
274,0	-0,58244
274,5	-0,58214
275,0	-0,58296
275,5	-0,58196
276,0	-0,58114
276,5	-0,58134
277,0	-0,58038
277,5	-0,58028
278,0	-0,58196
278,5	-0,58122
279,0	-0,57932
279,5	-0,57694
280,0	-0,57694
280,5	-0,57790
281,0	-0,58070
281,5	-0,58036
282,0	-0,57900
282,5	-0,57802
283,0	-0,58082
283,5	-0,58398
284,0	-0,58386
284,5	-0,58336
285,0	-0,58338
285,5	-0,58282
286,0	-0,58270
286,5	-0,58136
287,0	-0,58134
287,5	-0,58312
288,0	-0,58344
288,5	-0,58282
289,0	-0,57996
289,5	-0,58008
290,0	-0,57982
290,5	-0,58082
291,0	-0,58160
291,5	-0,58134
292,0	-0,57986
292,5	-0,57960
293,0	-0,58042
293,5	-0,58170
294,0	-0,58196
294,5	-0,58136
295,0	-0,57858
295,5	-0,57838
296,0	-0,58104
296,5	-0,58300
297,0	-0,58398
297,5	-0,58220
298,0	-0,58206
298,5	-0,57864
299,0	-0,57954
299,5	-0,58018
300,0	-0,57944
300,5	-0,58084
301,0	-0,57894
301,5	-0,57906
302,0	-0,57906
302,5	-0,58068
303,0	-0,58018
303,5	-0,58064
304,0	-0,58070
304,5	-0,58026
305,0	-0,57780
305,5	-0,58024
306,0	-0,58198
306,5	-0,58170
307,0	-0,58212
307,5	-0,57766
308,0	-0,57808
308,5	-0,57924
309,0	-0,58004
309,5	-0,58030
310,0	-0,58028
310,5	-0,57994
311,0	-0,57750
311,5	-0,57900
312,0	-0,58036
312,5	-0,57872
313,0	-0,58026
313,5	-0,57954
314,0	-0,57936
314,5	-0,58078
315,0	-0,57992
315,5	-0,57932
316,0	-0,57854
316,5	-0,57710
317,0	-0,57598
317,5	-0,57702
318,0	-0,57836
318,5	-0,57862
319,0	-0,58044
319,5	-0,57944
320,0	-0,57866
320,5	-0,57856
321,0	-0,57890
321,5	-0,58100
322,0	-0,57930
322,5	-0,57648
323,0	-0,57622
323,5	-0,57962
324,0	-0,58130
324,5	-0,58112
325,0	-0,57988
325,5	-0,58116
326,0	-0,58028
326,5	-0,58016
327,0	-0,58046
327,5	-0,57726
328,0	-0,57648
328,5	-0,57666
329,0	-0,57668
329,5	-0,57598
330,0	-0,57654
330,5	-0,57920
331,0	-0,57816
331,5	-0,57778
332,0	-0,57846
332,5	-0,57906
333,0	-0,58054
333,5	-0,58126
334,0	-0,58306
334,5	-0,58110
335,0	-0,58054
335,5	-0,57956
336,0	-0,58068
336,5	-0,58328
337,0	-0,58392
337,5	-0,58524
338,0	-0,58556
338,5	-0,58490
339,0	-0,58376
339,5	-0,58388
340,0	-0,58632
340,5	-0,58940
341,0	-0,58780
341,5	-0,58600
342,0	-0,58526
342,5	-0,58596
343,0	-0,58314
343,5	-0,58650
344,0	-0,58622
344,5	-0,58572
345,0	-0,58482
345,5	-0,58450
346,0	-0,58420
346,5	-0,58468
347,0	-0,58488
347,5	-0,58456
348,0	-0,58554
348,5	-0,58484
349,0	-0,58562
349,5	-0,58474
350,0	-0,58514
350,5	-0,58428
351,0	-0,58348
351,5	-0,58456
352,0	-0,58438
352,5	-0,58440
353,0	-0,58600
353,5	-0,58456
354,0	-0,58444
354,5	-0,58662
355,0	-0,58634
355,5	-0,58654
356,0	-0,58686
356,5	-0,58530
357,0	-0,58774
357,5	-0,58756
358,0	-0,58836
358,5	-0,58876
359,0	-0,58852
359,5	-0,58818
360,0	-0,58892
360,5	-0,58590
361,0	-0,58906
361,5	-0,58974
362,0	-0,58902
362,5	-0,58842
363,0	-0,58694
363,5	-0,58862
364,0	-0,58970
364,5	-0,58780
365,0	-0,58688
365,5	-0,58656
366,0	-0,58412
366,5	-0,58520
367,0	-0,58542
367,5	-0,58590
368,0	-0,58472
368,5	-0,58418
369,0	-0,58494
369,5	-0,58546
370,0	-0,58262
370,5	-0,58382
371,0	-0,58470
371,5	-0,58342
372,0	-0,58450
372,5	-0,58354
373,0	-0,58400
373,5	-0,58440
374,0	-0,58414
374,5	-0,58408
375,0	-0,58222
375,5	-0,58366
376,0	-0,58494
376,5	-0,58558
377,0	-0,58402
377,5	-0,58410
378,0	-0,58152
378,5	-0,58158
379,0	-0,58446
379,5	-0,58552
380,0	-0,58384
380,5	-0,58460
381,0	-0,58656
381,5	-0,58598
382,0	-0,58552
382,5	-0,58470
383,0	-0,58502
383,5	-0,58554
384,0	-0,58604
384,5	-0,58548
385,0	-0,58500
385,5	-0,58720
386,0	-0,58706
386,5	-0,58662
387,0	-0,58618
387,5	-0,58574
388,0	-0,58604
388,5	-0,58418
389,0	-0,58306
389,5	-0,58376
390,0	-0,58302
390,5	-0,58346
391,0	-0,58406
391,5	-0,58182
392,0	-0,58038
392,5	-0,58008
393,0	-0,58058
393,5	-0,58156
394,0	-0,58122
394,5	-0,58066
395,0	-0,57878
395,5	-0,57896
396,0	-0,57890
396,5	-0,57890
397,0	-0,57748
397,5	-0,57626
398,0	-0,57716
398,5	-0,57576
399,0	-0,57518
399,5	-0,57522
400,0	-0,57602
400,5	-0,57630
401,0	-0,57760
401,5	-0,57726
402,0	-0,57420
402,5	-0,57480
403,0	-0,57440
403,5	-0,57306
404,0	-0,57428
404,5	-0,57480
405,0	-0,57218
405,5	-0,57104
406,0	-0,57226
406,5	-0,57264
407,0	-0,57418
407,5	-0,57434
408,0	-0,57190
408,5	-0,57144
409,0	-0,57254
409,5	-0,57354
410,0	-0,57450
410,5	-0,57488
411,0	-0,57360
411,5	-0,57272
412,0	-0,57394
412,5	-0,57712
413,0	-0,57712
413,5	-0,57584
414,0	-0,57384
414,5	-0,57372
415,0	-0,57386
415,5	-0,57606
416,0	-0,57582
416,5	-0,57616
417,0	-0,57608
417,5	-0,57440
418,0	-0,57552
418,5	-0,57310
419,0	-0,57368
419,5	-0,57412
420,0	-0,57276
420,5	-0,57158
421,0	-0,57252
421,5	-0,57364
422,0	-0,57352
422,5	-0,57348
423,0	-0,57514
423,5	-0,57568
424,0	-0,57494
424,5	-0,57370
425,0	-0,57462
425,5	-0,57496
426,0	-0,57508
426,5	-0,57444
427,0	-0,57522
427,5	-0,57446
428,0	-0,57564
428,5	-0,57460
429,0	-0,57380
429,5	-0,57342
430,0	-0,57484
430,5	-0,57336
431,0	-0,57160
431,5	-0,57162
432,0	-0,57182
432,5	-0,57196
433,0	-0,57440
433,5	-0,57364
434,0	-0,57454
434,5	-0,57378
435,0	-0,57538
435,5	-0,57490
436,0	-0,57420
436,5	-0,57326
437,0	-0,57426
437,5	-0,57474
438,0	-0,57338
438,5	-0,57504
439,0	-0,57448
439,5	-0,57282
440,0	-0,57266
440,5	-0,57388
441,0	-0,57712
441,5	-0,57794
442,0	-0,57842
442,5	-0,57860
443,0	-0,57850
443,5	-0,57796
444,0	-0,57614
444,5	-0,57754
445,0	-0,57760
445,5	-0,57558
446,0	-0,57592
446,5	-0,57636
447,0	-0,57724
447,5	-0,57940
448,0	-0,58124
448,5	-0,58116
449,0	-0,58160
449,5	-0,58220
450,0	-0,58206
450,5	-0,58144
451,0	-0,58116
451,5	-0,58212
452,0	-0,58136
452,5	-0,58056
453,0	-0,58098
453,5	-0,58296
454,0	-0,58364
454,5	-0,58322
455,0	-0,58424
455,5	-0,58388
456,0	-0,58516
456,5	-0,58474
457,0	-0,58870
457,5	-0,58916
458,0	-0,58922
458,5	-0,58878
459,0	-0,58648
459,5	-0,58612
460,0	-0,58676
460,5	-0,58736
461,0	-0,58962
461,5	-0,58788
462,0	-0,58602
462,5	-0,58512
463,0	-0,58678
463,5	-0,58852
464,0	-0,58970
464,5	-0,58734
465,0	-0,58626
465,5	-0,58862
466,0	-0,58796
466,5	-0,58970
467,0	-0,59122
467,5	-0,59164
468,0	-0,59234
468,5	-0,59222
469,0	-0,59386
469,5	-0,59398
470,0	-0,59404
470,5	-0,59350
471,0	-0,59278
471,5	-0,59416
472,0	-0,59514
472,5	-0,59584
473,0	-0,59322
473,5	-0,59460
474,0	-0,59572
474,5	-0,59740
475,0	-0,59860
475,5	-0,59936
476,0	-0,60198
476,5	-0,60056
477,0	-0,60072
477,5	-0,59994
478,0	-0,59912
478,5	-0,60226
479,0	-0,60204
479,5	-0,59944
480,0	-0,60010
480,5	-0,60126
481,0	-0,60104
481,5	-0,60080
482,0	-0,60212
482,5	-0,60278
483,0	-0,60230
483,5	-0,60366
484,0	-0,60290
484,5	-0,60366
485,0	-0,60376
485,5	-0,60510
486,0	-0,60588
486,5	-0,60578
487,0	-0,60616
487,5	-0,60618
488,0	-0,60762
488,5	-0,61034
489,0	-0,60932
489,5	-0,60940
490,0	-0,60898
490,5	-0,60914
491,0	-0,61088
491,5	-0,61146
492,0	-0,61176
492,5	-0,61100
493,0	-0,61134
493,5	-0,61174
494,0	-0,61272
494,5	-0,61298
495,0	-0,61326
495,5	-0,61294
496,0	-0,61362
496,5	-0,61458
497,0	-0,61640
497,5	-0,61776
498,0	-0,61764
498,5	-0,61664
499,0	-0,61806
499,5	-0,61814
500,0	-0,61658
500,5	-0,61654
501,0	-0,61706
501,5	-0,61846
502,0	-0,61886
502,5	-0,61898
503,0	-0,61828
503,5	-0,61664
504,0	-0,61678
504,5	-0,61830
505,0	-0,61954
505,5	-0,62090
506,0	-0,62100
506,5	-0,62046
507,0	-0,61892
507,5	-0,61820
508,0	-0,61760
508,5	-0,61896
509,0	-0,61922
509,5	-0,61874
510,0	-0,61920
510,5	-0,62032
511,0	-0,62102
511,5	-0,62040
512,0	-0,62140
512,5	-0,62196
513,0	-0,62152
513,5	-0,62568
514,0	-0,62420
514,5	-0,62546
515,0	-0,62532
515,5	-0,62344
516,0	-0,62724
516,5	-0,62556
517,0	-0,62500
517,5	-0,62612
518,0	-0,62728
518,5	-0,62876
519,0	-0,62794
519,5	-0,62712
520,0	-0,62482
520,5	-0,62512
521,0	-0,63030
521,5	-0,63074
522,0	-0,63342
522,5	-0,63438
523,0	-0,63224
523,5	-0,63584
524,0	-0,63600
524,5	-0,63580
525,0	-0,63632
525,5	-0,63638
526,0	-0,63730
526,5	-0,63602
527,0	-0,63672
527,5	-0,63684
528,0	-0,63580
528,5	-0,63630
529,0	-0,63682
529,5	-0,63512
530,0	-0,63458
530,5	-0,63562
531,0	-0,63670
531,5	-0,63558
532,0	-0,63714
532,5	-0,63640
533,0	-0,63714
533,5	-0,63592
534,0	-0,63560
534,5	-0,63734
535,0	-0,63674
535,5	-0,63600
536,0	-0,63444
536,5	-0,63586
537,0	-0,63652
537,5	-0,63782
538,0	-0,63638
538,5	-0,63586
539,0	-0,63584
539,5	-0,63980
540,0	-0,63800
540,5	-0,63798
541,0	-0,63926
541,5	-0,64120
542,0	-0,63954
542,5	-0,63970
543,0	-0,64074
543,5	-0,64264
544,0	-0,64268
544,5	-0,64080
545,0	-0,63896
545,5	-0,63800
546,0	-0,63690
546,5	-0,63880
547,0	-0,64046
547,5	-0,63934
548,0	-0,63928
548,5	-0,63930
549,0	-0,63758
549,5	-0,63610
550,0	-0,63664
550,5	-0,63522
551,0	-0,63454
551,5	-0,63570
552,0	-0,63574
552,5	-0,63676
553,0	-0,63910
553,5	-0,63904
554,0	-0,63858
554,5	-0,63780
555,0	-0,63902
555,5	-0,63724
556,0	-0,63782
556,5	-0,63742
557,0	-0,63724
557,5	-0,63512
558,0	-0,63482
558,5	-0,63520
559,0	-0,63430
559,5	-0,63194
560,0	-0,63428
560,5	-0,63330
561,0	-0,63418
561,5	-0,63580
562,0	-0,63010
562,5	-0,63256
563,0	-0,63182
563,5	-0,63454
564,0	-0,63654
564,5	-0,63482
565,0	-0,63372
565,5	-0,63422
566,0	-0,63204
566,5	-0,63038
567,0	-0,62852
567,5	-0,63064
568,0	-0,63204
568,5	-0,62874
569,0	-0,63046
569,5	-0,63058
570,0	-0,62846
570,5	-0,62978
571,0	-0,63106
571,5	-0,63536
572,0	-0,63234
572,5	-0,62792
573,0	-0,62970
573,5	-0,62934
574,0	-0,62866
574,5	-0,62896
575,0	-0,62878
575,5	-0,62844
576,0	-0,62642
576,5	-0,62608
577,0	-0,62798
577,5	-0,62746
578,0	-0,62932
578,5	-0,62874
579,0	-0,62974
579,5	-0,62784
580,0	-0,62752
580,5	-0,62940
581,0	-0,62828
581,5	-0,62808
582,0	-0,62420
582,5	-0,62282
583,0	-0,62478
583,5	-0,62626
584,0	-0,62456
584,5	-0,62460
585,0	-0,62380
585,5	-0,62234
586,0	-0,62406
586,5	-0,62624
587,0	-0,62720
587,5	-0,62588
588,0	-0,62462
588,5	-0,62378
589,0	-0,62610
589,5	-0,63024
590,0	-0,62708
590,5	-0,62784
591,0	-0,62742
591,5	-0,62458
592,0	-0,62362
592,5	-0,62332
593,0	-0,62714
593,5	-0,62758
594,0	-0,62536
594,5	-0,62504
595,0	-0,62358
595,5	-0,62528
596,0	-0,62334
596,5	-0,62430
597,0	-0,62286
597,5	-0,62186
598,0	-0,62114
598,5	-0,62226
599,0	-0,62510
599,5	-0,62522
600,0	-0,62502
600,5	-0,62204
601,0	-0,61952
601,5	-0,62122
602,0	-0,62352
602,5	-0,62008
603,0	-0,61968
603,5	-0,62130
604,0	-0,61998
604,5	-0,61952
605,0	-0,61934
605,5	-0,62156
606,0	-0,61984
606,5	-0,61914
607,0	-0,61922
607,5	-0,61986
608,0	-0,61960
608,5	-0,62034
609,0	-0,61858
609,5	-0,61768
610,0	-0,61686
610,5	-0,61758
611,0	-0,61936
611,5	-0,61838
612,0	-0,61984
612,5	-0,61758
613,0	-0,61564
613,5	-0,61460
614,0	-0,61466
614,5	-0,61702
615,0	-0,61692
615,5	-0,61678
616,0	-0,61606
616,5	-0,61490
617,0	-0,61616
617,5	-0,61716
618,0	-0,61738
618,5	-0,61718
619,0	-0,61594
619,5	-0,61534
620,0	-0,61544
620,5	-0,61564
621,0	-0,61636
621,5	-0,61444
622,0	-0,61654
622,5	-0,61748
623,0	-0,61532
623,5	-0,61530
624,0	-0,61602
624,5	-0,61670
625,0	-0,61650
625,5	-0,61568
626,0	-0,61320
626,5	-0,61094
627,0	-0,61276
627,5	-0,61416
628,0	-0,61200
628,5	-0,61332
629,0	-0,61242
629,5	-0,61268
630,0	-0,61392
630,5	-0,61262
631,0	-0,61258
631,5	-0,61106
632,0	-0,61024
632,5	-0,61216
633,0	-0,61344
633,5	-0,61370
634,0	-0,61454
634,5	-0,61540
635,0	-0,61382
635,5	-0,61260
636,0	-0,61158
636,5	-0,61154
637,0	-0,60810
637,5	-0,60764
638,0	-0,60842
638,5	-0,60926
639,0	-0,60844
639,5	-0,60714
640,0	-0,60852
640,5	-0,60810
641,0	-0,60790
641,5	-0,60898
642,0	-0,60776
642,5	-0,60672
643,0	-0,60566
643,5	-0,60658
644,0	-0,60536
644,5	-0,60612
645,0	-0,60692
645,5	-0,60644
646,0	-0,60508
646,5	-0,60322
647,0	-0,60370
647,5	-0,60432
648,0	-0,60326
648,5	-0,60388
649,0	-0,60494
649,5	-0,60450
650,0	-0,60618
650,5	-0,60360
651,0	-0,60304
651,5	-0,60516
652,0	-0,60460
652,5	-0,60454
653,0	-0,60260
653,5	-0,60196
654,0	-0,60002
654,5	-0,60012
655,0	-0,60022
655,5	-0,59988
656,0	-0,59930
656,5	-0,59976
657,0	-0,59958
657,5	-0,59906
658,0	-0,59934
658,5	-0,59820
659,0	-0,59734
659,5	-0,59698
660,0	-0,59604
660,5	-0,59502
661,0	-0,59622
661,5	-0,59696
662,0	-0,59510
662,5	-0,59474
663,0	-0,59476
663,5	-0,59640
664,0	-0,59634
664,5	-0,59502
665,0	-0,59380
665,5	-0,59378
666,0	-0,59340
666,5	-0,59188
667,0	-0,59302
667,5	-0,59462
668,0	-0,59448
668,5	-0,59446
669,0	-0,59388
669,5	-0,59310
670,0	-0,59248
670,5	-0,59270
671,0	-0,59228
671,5	-0,59088
672,0	-0,59114
672,5	-0,59132
673,0	-0,58954
673,5	-0,58946
674,0	-0,58846
674,5	-0,59046
675,0	-0,58908
675,5	-0,59034
676,0	-0,59148
676,5	-0,58942
677,0	-0,58632
677,5	-0,58706
678,0	-0,58914
678,5	-0,58794
679,0	-0,58676
679,5	-0,58672
680,0	-0,58726
680,5	-0,58852
681,0	-0,58638
681,5	-0,58604
682,0	-0,58664
682,5	-0,58822
683,0	-0,58802
683,5	-0,58818
684,0	-0,58882
684,5	-0,58680
685,0	-0,58570
685,5	-0,58640
686,0	-0,58510
686,5	-0,58440
687,0	-0,58490
687,5	-0,58510
688,0	-0,58368
688,5	-0,58318
689,0	-0,58262
689,5	-0,58160
690,0	-0,58300
690,5	-0,58136
691,0	-0,58054
691,5	-0,58250
692,0	-0,58208
692,5	-0,58038
693,0	-0,57834
693,5	-0,57842
694,0	-0,57694
694,5	-0,57674
695,0	-0,57616
695,5	-0,57620
696,0	-0,57534
696,5	-0,57654
697,0	-0,57494
697,5	-0,57370
698,0	-0,57312
698,5	-0,57340
699,0	-0,57242
699,5	-0,57402
700,0	-0,57332
700,5	-0,57296
701,0	-0,57232
701,5	-0,57176
702,0	-0,57090
702,5	-0,56908
703,0	-0,56708
703,5	-0,56794
704,0	-0,57002
704,5	-0,57062
705,0	-0,56950
705,5	-0,56814
706,0	-0,56666
706,5	-0,56622
707,0	-0,56498
707,5	-0,56446
708,0	-0,56412
708,5	-0,56292
709,0	-0,56208
709,5	-0,56232
710,0	-0,56258
710,5	-0,56346
711,0	-0,56430
711,5	-0,56508
712,0	-0,56306
712,5	-0,56342
713,0	-0,56448
713,5	-0,56600
714,0	-0,56658
714,5	-0,56602
715,0	-0,56538
715,5	-0,56544
716,0	-0,56382
716,5	-0,56480
717,0	-0,56674
717,5	-0,56702
718,0	-0,56526
718,5	-0,56402
719,0	-0,56200
719,5	-0,56182
720,0	-0,56300
720,5	-0,56470
721,0	-0,56352
721,5	-0,56164
722,0	-0,56116
722,5	-0,56018
723,0	-0,56156
723,5	-0,56024
724,0	-0,56118
724,5	-0,55988
725,0	-0,56072
725,5	-0,56352
726,0	-0,56500
726,5	-0,56470
727,0	-0,56358
727,5	-0,56286
728,0	-0,56264
728,5	-0,56470
729,0	-0,56356
729,5	-0,56302
730,0	-0,56260
730,5	-0,56320
731,0	-0,56236
731,5	-0,56114
732,0	-0,56038
732,5	-0,56002
733,0	-0,55998
733,5	-0,55928
734,0	-0,56064
734,5	-0,56140
735,0	-0,56150
735,5	-0,56282
736,0	-0,56146
736,5	-0,56124
737,0	-0,56152
737,5	-0,56164
738,0	-0,56180
738,5	-0,56380
739,0	-0,56364
739,5	-0,56230
740,0	-0,56186
740,5	-0,56226
741,0	-0,56212
741,5	-0,56264
742,0	-0,56360
742,5	-0,56242
743,0	-0,56068
743,5	-0,55930
744,0	-0,55940
744,5	-0,56126
745,0	-0,56140
745,5	-0,56110
746,0	-0,56166
746,5	-0,56386
747,0	-0,56328
747,5	-0,56246
748,0	-0,56256
748,5	-0,56256
749,0	-0,56506
749,5	-0,56588
750,0	-0,56478
750,5	-0,56524
751,0	-0,56620
751,5	-0,56596
752,0	-0,56636
752,5	-0,56684
753,0	-0,56582
753,5	-0,56490
754,0	-0,56588
754,5	-0,56854
755,0	-0,56488
755,5	-0,56336
756,0	-0,56270
756,5	-0,56392
757,0	-0,56848
757,5	-0,56812
758,0	-0,56506
758,5	-0,56434
759,0	-0,56512
759,5	-0,56504
760,0	-0,56608
760,5	-0,56632
761,0	-0,56342
761,5	-0,56456
762,0	-0,56414
762,5	-0,56476
763,0	-0,56666
763,5	-0,56530
764,0	-0,56402
764,5	-0,56468
765,0	-0,56392
765,5	-0,56552
766,0	-0,56598
766,5	-0,56532
767,0	-0,56592
767,5	-0,56488
768,0	-0,56582
768,5	-0,56750
769,0	-0,57058
769,5	-0,57180
770,0	-0,57072
770,5	-0,57108
771,0	-0,57030
771,5	-0,57282
772,0	-0,57340
772,5	-0,57400
773,0	-0,57338
773,5	-0,56706
774,0	-0,56238
774,5	-0,56390
775,0	-0,56490
775,5	-0,56774
776,0	-0,56808
776,5	-0,56592
777,0	-0,56690
777,5	-0,56750
778,0	-0,56622
778,5	-0,56786
779,0	-0,56778
779,5	-0,56524
780,0	-0,56272
780,5	-0,56226
781,0	-0,56414
781,5	-0,56474
782,0	-0,56492
782,5	-0,56530
783,0	-0,56438
783,5	-0,56414
784,0	-0,56508
784,5	-0,56636
785,0	-0,56696
785,5	-0,56480
786,0	-0,56446
786,5	-0,56340
787,0	-0,56430
787,5	-0,56562
788,0	-0,56678
788,5	-0,56662
789,0	-0,56256
789,5	-0,56086
790,0	-0,56322
790,5	-0,56548
791,0	-0,56852
791,5	-0,56820
792,0	-0,56836
792,5	-0,56602
793,0	-0,56310
793,5	-0,56342
794,0	-0,56640
794,5	-0,56960
795,0	-0,56674
795,5	-0,56380
796,0	-0,56268
796,5	-0,56396
797,0	-0,56462
797,5	-0,56776
798,0	-0,56752
798,5	-0,56582
799,0	-0,56290
799,5	-0,56394
800,0	-0,56512
800,5	-0,56708
801,0	-0,56638
801,5	-0,56344
802,0	-0,56138
802,5	-0,56244
803,0	-0,56428
803,5	-0,56608
804,0	-0,56396
804,5	-0,56082
805,0	-0,55826
805,5	-0,55942
806,0	-0,56258
806,5	-0,56546
807,0	-0,56518
807,5	-0,56496
808,0	-0,56270
808,5	-0,56446
809,0	-0,56672
809,5	-0,56636
810,0	-0,56642
810,5	-0,56604
811,0	-0,56410
811,5	-0,56500
812,0	-0,56762
812,5	-0,57000
813,0	-0,56936
813,5	-0,56818
814,0	-0,56884
814,5	-0,56814
815,0	-0,57006
815,5	-0,56954
816,0	-0,56994
816,5	-0,56934
817,0	-0,57006
817,5	-0,56926
818,0	-0,57040
818,5	-0,57258
819,0	-0,57432
819,5	-0,57494
820,0	-0,57498
820,5	-0,57296
821,0	-0,56966
821,5	-0,57118
822,0	-0,57180
822,5	-0,57444
823,0	-0,57450
823,5	-0,57332
824,0	-0,57322
824,5	-0,57252
825,0	-0,57324
825,5	-0,57396
826,0	-0,57270
826,5	-0,57194
827,0	-0,57298
827,5	-0,57466
828,0	-0,57868
828,5	-0,58062
829,0	-0,57966
829,5	-0,57784
830,0	-0,57840
830,5	-0,57840
831,0	-0,58188
831,5	-0,58242
832,0	-0,58308
832,5	-0,58254
833,0	-0,58236
833,5	-0,58274
834,0	-0,58436
834,5	-0,58474
835,0	-0,58618
835,5	-0,58652
836,0	-0,58446
836,5	-0,58380
837,0	-0,58538
837,5	-0,58596
838,0	-0,58762
838,5	-0,58744
839,0	-0,58788
839,5	-0,58822
840,0	-0,59042
840,5	-0,59086
841,0	-0,59208
841,5	-0,59198
842,0	-0,58964
842,5	-0,59080
843,0	-0,59300
843,5	-0,59332
844,0	-0,59234
844,5	-0,58948
845,0	-0,58754
845,5	-0,58640
846,0	-0,58758
846,5	-0,58758
847,0	-0,59030
847,5	-0,59200
848,0	-0,59198
848,5	-0,59178
849,0	-0,59364
849,5	-0,59648
850,0	-0,59800
850,5	-0,59644
851,0	-0,59430
851,5	-0,59430
852,0	-0,59562
852,5	-0,59778
853,0	-0,59978
853,5	-0,59938
854,0	-0,59934
854,5	-0,59944
855,0	-0,59936
855,5	-0,60352
856,0	-0,60440
856,5	-0,60400
857,0	-0,60494
857,5	-0,60368
858,0	-0,60476
858,5	-0,60602
859,0	-0,60732
859,5	-0,60792
860,0	-0,60834
860,5	-0,60776
861,0	-0,60798
861,5	-0,60902
862,0	-0,60988
862,5	-0,61132
863,0	-0,61322
863,5	-0,61062
864,0	-0,60886
864,5	-0,61052
865,0	-0,61144
865,5	-0,61510
866,0	-0,61336
866,5	-0,61040
867,0	-0,60938
867,5	-0,61056
868,0	-0,61326
868,5	-0,61518
869,0	-0,61646
869,5	-0,61424
870,0	-0,61350
870,5	-0,61522
871,0	-0,61624
871,5	-0,61630
872,0	-0,61688
872,5	-0,61622
873,0	-0,61580
873,5	-0,61868
874,0	-0,61942
874,5	-0,62186
875,0	-0,62324
875,5	-0,62272
876,0	-0,61952
876,5	-0,61972
877,0	-0,62368
877,5	-0,62426
878,0	-0,62424
878,5	-0,62532
879,0	-0,62444
879,5	-0,62548
880,0	-0,62698
880,5	-0,62828
881,0	-0,62864
881,5	-0,62474
882,0	-0,62460
882,5	-0,62372
883,0	-0,62550
883,5	-0,62706
884,0	-0,62762
884,5	-0,62890
885,0	-0,62604
885,5	-0,62610
886,0	-0,62748
886,5	-0,63014
887,0	-0,63192
887,5	-0,62990
888,0	-0,63132
888,5	-0,63068
889,0	-0,63030
889,5	-0,63162
890,0	-0,63260
890,5	-0,63200
891,0	-0,62822
891,5	-0,62626
892,0	-0,62690
892,5	-0,62876
893,0	-0,63172
893,5	-0,63228
894,0	-0,63250
894,5	-0,63100
895,0	-0,63116
895,5	-0,63484
896,0	-0,63690
896,5	-0,63870
897,0	-0,63754
897,5	-0,63648
898,0	-0,63456
898,5	-0,63632
899,0	-0,63792
899,5	-0,63910
900,0	-0,64040
900,5	-0,63910
901,0	-0,63938
901,5	-0,64154
902,0	-0,64214
902,5	-0,64412
903,0	-0,64344
903,5	-0,64184
904,0	-0,64098
904,5	-0,64334
905,0	-0,64392
905,5	-0,64688
906,0	-0,64876
906,5	-0,64568
907,0	-0,64340
907,5	-0,64564
908,0	-0,64864
908,5	-0,65050
909,0	-0,65066
909,5	-0,65020
910,0	-0,64942
910,5	-0,64792
911,0	-0,64684
911,5	-0,64878
912,0	-0,64960
912,5	-0,64984
913,0	-0,64864
913,5	-0,64916
914,0	-0,64682
914,5	-0,64640
915,0	-0,64818
915,5	-0,64718
916,0	-0,64544
916,5	-0,64360
917,0	-0,64360
917,5	-0,64462
918,0	-0,64660
918,5	-0,64392
919,0	-0,64526
919,5	-0,64280
920,0	-0,64632
920,5	-0,64790
921,0	-0,64916
921,5	-0,64752
922,0	-0,64896
922,5	-0,64828
923,0	-0,64822
923,5	-0,64934
924,0	-0,65426
924,5	-0,65262
925,0	-0,65024
925,5	-0,65018
926,0	-0,65078
926,5	-0,65342
927,0	-0,65476
927,5	-0,65218
928,0	-0,65130
928,5	-0,65042
929,0	-0,64970
929,5	-0,65084
930,0	-0,65152
930,5	-0,65154
931,0	-0,64988
931,5	-0,64908
932,0	-0,65108
932,5	-0,65012
933,0	-0,65296
933,5	-0,65212
934,0	-0,65232
934,5	-0,65178
935,0	-0,64990
935,5	-0,65088
936,0	-0,65364
936,5	-0,65412
937,0	-0,64956
937,5	-0,64560
938,0	-0,64292
938,5	-0,64238
939,0	-0,64648
939,5	-0,64854
940,0	-0,64764
940,5	-0,64634
941,0	-0,64430
941,5	-0,64584
942,0	-0,64880
942,5	-0,64854
943,0	-0,64682
943,5	-0,64710
944,0	-0,64518
944,5	-0,64372
945,0	-0,64380
945,5	-0,64552
946,0	-0,64666
946,5	-0,64732
947,0	-0,64438
947,5	-0,64074
948,0	-0,64130
948,5	-0,64376
949,0	-0,64564
949,5	-0,64170
950,0	-0,63942
950,5	-0,64040
951,0	-0,64104
951,5	-0,64280
952,0	-0,64262
952,5	-0,64088
953,0	-0,63966
953,5	-0,63598
954,0	-0,63656
954,5	-0,63730
955,0	-0,63962
955,5	-0,63862
956,0	-0,63818
956,5	-0,63610
957,0	-0,63854
957,5	-0,63606
958,0	-0,63666
958,5	-0,63902
959,0	-0,63722
959,5	-0,63548
960,0	-0,63526
960,5	-0,63588
961,0	-0,63656
961,5	-0,64184
962,0	-0,63844
962,5	-0,63796
963,0	-0,63362
963,5	-0,63456
964,0	-0,63166
964,5	-0,63462
965,0	-0,63490
965,5	-0,63404
966,0	-0,63518
966,5	-0,63442
967,0	-0,63606
967,5	-0,63496
968,0	-0,63576
968,5	-0,63454
969,0	-0,62990
969,5	-0,63206
970,0	-0,63036
970,5	-0,62946
971,0	-0,63258
971,5	-0,62972
972,0	-0,62982
972,5	-0,63024
973,0	-0,63014
973,5	-0,63062
974,0	-0,63062
974,5	-0,63038
975,0	-0,62726
975,5	-0,62536
976,0	-0,62598
976,5	-0,62526
977,0	-0,62770
977,5	-0,62614
978,0	-0,62350
978,5	-0,62322
979,0	-0,62436
979,5	-0,62780
980,0	-0,62886
980,5	-0,62694
981,0	-0,62578
981,5	-0,62148
982,0	-0,62408
982,5	-0,62500
983,0	-0,62784
983,5	-0,63018
984,0	-0,62610
984,5	-0,62338
985,0	-0,62298
985,5	-0,62252
986,0	-0,62670
986,5	-0,62456
987,0	-0,62566
987,5	-0,62690
988,0	-0,62124
988,5	-0,62374
989,0	-0,62356
989,5	-0,62240
990,0	-0,62348
990,5	-0,62054
991,0	-0,62230
991,5	-0,62116
992,0	-0,62458
992,5	-0,62312
993,0	-0,61752
993,5	-0,61598
994,0	-0,61526
994,5	-0,61746
995,0	-0,62104
995,5	-0,61910
996,0	-0,62190
996,5	-0,62036
997,0	-0,61762
997,5	-0,61866
998,0	-0,61660
998,5	-0,62042
999,0	-0,61980
999,5	-0,61792
1000,0	-0,61854
1000,5	-0,61616
1001,0	-0,61930
1001,5	-0,61968
1002,0	-0,61746
1002,5	-0,61802
1003,0	-0,61548
1003,5	-0,61490
1004,0	-0,61476
1004,5	-0,61616
1005,0	-0,61810
1005,5	-0,61706
1006,0	-0,61294
1006,5	-0,61296
1007,0	-0,61356
1007,5	-0,61436
1008,0	-0,61404
1008,5	-0,61188
1009,0	-0,61032
1009,5	-0,61080
1010,0	-0,61258
1010,5	-0,61172
1011,0	-0,61554
1011,5	-0,61448
1012,0	-0,61048
1012,5	-0,61152
1013,0	-0,60976
1013,5	-0,61030
1014,0	-0,61176
1014,5	-0,61064
1015,0	-0,61100
1015,5	-0,60952
1016,0	-0,60834
1016,5	-0,61222
1017,0	-0,61094
1017,5	-0,61130
1018,0	-0,61066
1018,5	-0,60868
1019,0	-0,61140
1019,5	-0,61284
1020,0	-0,61436
1020,5	-0,61542
1021,0	-0,61212
1021,5	-0,61124
1022,0	-0,61038
1022,5	-0,61134
1023,0	-0,61024
1023,5	-0,61006
1024,0	-0,61080
1024,5	-0,60932
1025,0	-0,60898
1025,5	-0,60822
1026,0	-0,60774
1026,5	-0,61046
1027,0	-0,60926
1027,5	-0,60744
1028,0	-0,60604
1028,5	-0,60520
1029,0	-0,60810
1029,5	-0,60954
1030,0	-0,60880
1030,5	-0,60720
1031,0	-0,60450
1031,5	-0,60628
1032,0	-0,60770
1032,5	-0,60912
1033,0	-0,60930
1033,5	-0,60504
1034,0	-0,60390
1034,5	-0,60446
1035,0	-0,60676
1035,5	-0,60768
1036,0	-0,60596
1036,5	-0,60584
1037,0	-0,60386
1037,5	-0,60406
1038,0	-0,60494
1038,5	-0,60562
1039,0	-0,60502
1039,5	-0,60400
1040,0	-0,60114
1040,5	-0,59996
1041,0	-0,59956
1041,5	-0,60138
1042,0	-0,60304
1042,5	-0,60284
1043,0	-0,60300
1043,5	-0,60178
1044,0	-0,60144
1044,5	-0,60124
1045,0	-0,60154
1045,5	-0,60148
1046,0	-0,59956
1046,5	-0,59924
1047,0	-0,59890
1047,5	-0,59968
1048,0	-0,60022
1048,5	-0,59842
1049,0	-0,59660
1049,5	-0,59544
1050,0	-0,59400
1050,5	-0,59636
1051,0	-0,59716
1051,5	-0,59674
1052,0	-0,59696
1052,5	-0,59432
1053,0	-0,59412
1053,5	-0,59606
1054,0	-0,59488
1054,5	-0,59668
1055,0	-0,59494
1055,5	-0,59420
1056,0	-0,59468
1056,5	-0,59462
1057,0	-0,59620
1057,5	-0,59640
1058,0	-0,59436
1058,5	-0,58996
1059,0	-0,58806
1059,5	-0,59062
1060,0	-0,59170
1060,5	-0,59252
1061,0	-0,59176
1061,5	-0,59120
1062,0	-0,59076
1062,5	-0,59106
1063,0	-0,59054
1063,5	-0,58990
1064,0	-0,58966
1064,5	-0,58980
1065,0	-0,58852
1065,5	-0,58838
1066,0	-0,58868
1066,5	-0,58864
1067,0	-0,58872
1067,5	-0,58758
1068,0	-0,58626
1068,5	-0,58786
1069,0	-0,58828
1069,5	-0,58904
1070,0	-0,58710
1070,5	-0,58556
1071,0	-0,58524
1071,5	-0,58452
1072,0	-0,58634
1072,5	-0,58730
1073,0	-0,58746
1073,5	-0,58614
1074,0	-0,58362
1074,5	-0,58312
1075,0	-0,58362
1075,5	-0,58436
1076,0	-0,58366
1076,5	-0,58198
1077,0	-0,57998
1077,5	-0,57936
1078,0	-0,58182
1078,5	-0,58338
1079,0	-0,58356
1079,5	-0,58190
1080,0	-0,58044
1080,5	-0,57850
1081,0	-0,58020
1081,5	-0,58012
1082,0	-0,57910
1082,5	-0,57900
1083,0	-0,57872
1083,5	-0,57756
1084,0	-0,57678
1084,5	-0,57736
1085,0	-0,57824
1085,5	-0,57736
1086,0	-0,57610
1086,5	-0,57676
1087,0	-0,57912
1087,5	-0,57922
1088,0	-0,57810
1088,5	-0,58018
1089,0	-0,57632
1089,5	-0,57606
1090,0	-0,57592
1090,5	-0,57698
1091,0	-0,57864
1091,5	-0,57838
1092,0	-0,57556
1092,5	-0,57452
1093,0	-0,57386
1093,5	-0,57402
1094,0	-0,57260
1094,5	-0,57306
1095,0	-0,57356
1095,5	-0,57316
1096,0	-0,57244
1096,5	-0,57028
1097,0	-0,57318
1097,5	-0,57270
1098,0	-0,57114
1098,5	-0,57034
1099,0	-0,57200
1099,5	-0,57364
1100,0	-0,57496
1100,5	-0,57490
1101,0	-0,57400
1101,5	-0,57130
1102,0	-0,57158
1102,5	-0,57244
1103,0	-0,57174
1103,5	-0,57218
1104,0	-0,57120
1104,5	-0,57138
1105,0	-0,57096
1105,5	-0,57062
1106,0	-0,57146
1106,5	-0,57060
1107,0	-0,56954
1107,5	-0,56838
1108,0	-0,56510
1108,5	-0,56598
1109,0	-0,56510
1109,5	-0,56704
1110,0	-0,56894
1110,5	-0,56800
1111,0	-0,56646
1111,5	-0,56544
1112,0	-0,56626
1112,5	-0,56528
1113,0	-0,56662
1113,5	-0,56438
1114,0	-0,56170
1114,5	-0,56326
1115,0	-0,56524
1115,5	-0,56768
1116,0	-0,56774
1116,5	-0,56648
1117,0	-0,56532
1117,5	-0,56542
1118,0	-0,56594
1118,5	-0,56628
1119,0	-0,56426
1119,5	-0,56454
1120,0	-0,56552
1120,5	-0,56276
1121,0	-0,56400
1121,5	-0,56496
1122,0	-0,56368
1122,5	-0,56244
1123,0	-0,56318
1123,5	-0,56192
1124,0	-0,56350
1124,5	-0,56314
1125,0	-0,56384
1125,5	-0,56380
1126,0	-0,56314
1126,5	-0,56272
1127,0	-0,56126
1127,5	-0,56372
1128,0	-0,56372
1128,5	-0,56580
1129,0	-0,56448
1129,5	-0,56170
1130,0	-0,56268
1130,5	-0,56354
1131,0	-0,56506
1131,5	-0,56552
1132,0	-0,56330
1132,5	-0,56134
1133,0	-0,55966
1133,5	-0,56076
1134,0	-0,56202
1134,5	-0,56130
1135,0	-0,56092
1135,5	-0,56058
1136,0	-0,55964
1136,5	-0,56026
1137,0	-0,56158
1137,5	-0,56396
1138,0	-0,56210
1138,5	-0,56106
1139,0	-0,55986
1139,5	-0,55818
1140,0	-0,56030
1140,5	-0,56236
1141,0	-0,56110
1141,5	-0,56076
1142,0	-0,56000
1142,5	-0,56046
1143,0	-0,55996
1143,5	-0,56200
1144,0	-0,56246
1144,5	-0,56192
1145,0	-0,56358
1145,5	-0,56366
1146,0	-0,56186
1146,5	-0,56366
1147,0	-0,56452
1147,5	-0,56504
1148,0	-0,56284
1148,5	-0,56206
1149,0	-0,56274
1149,5	-0,56234
1150,0	-0,56270
1150,5	-0,56368
1151,0	-0,56220
1151,5	-0,56254
1152,0	-0,56340
1152,5	-0,56178
1153,0	-0,56316
1153,5	-0,56310
1154,0	-0,56210
1154,5	-0,56552
1155,0	-0,56068
1155,5	-0,55970
1156,0	-0,55730
1156,5	-0,56004
1157,0	-0,56064
1157,5	-0,56142
1158,0	-0,55976
1158,5	-0,55830
1159,0	-0,55978
1159,5	-0,56048
1160,0	-0,56042
1160,5	-0,56192
1161,0	-0,56184
1161,5	-0,56266
1162,0	-0,56218
1162,5	-0,56222
1163,0	-0,56488
1163,5	-0,56304
1164,0	-0,56398
1164,5	-0,56120
1165,0	-0,56088
1165,5	-0,56220
1166,0	-0,56200
1166,5	-0,56414
1167,0	-0,56364
1167,5	-0,56190
1168,0	-0,56208
1168,5	-0,56166
1169,0	-0,56240
1169,5	-0,56318
1170,0	-0,56226
1170,5	-0,56566
1171,0	-0,56324
1171,5	-0,56224
1172,0	-0,56506
1172,5	-0,56460
1173,0	-0,56528
1173,5	-0,56282
1174,0	-0,56280
1174,5	-0,56368
1175,0	-0,56100
1175,5	-0,56218
1176,0	-0,56118
1176,5	-0,56012
1177,0	-0,56036
1177,5	-0,55850
1178,0	-0,55936
1178,5	-0,55950
1179,0	-0,56036
1179,5	-0,56098
1180,0	-0,55900
1180,5	-0,55930
1181,0	-0,56052
1181,5	-0,55870
1182,0	-0,56020
1182,5	-0,55944
1183,0	-0,55894
1183,5	-0,56136
1184,0	-0,56188
1184,5	-0,56118
1185,0	-0,56062
1185,5	-0,56220
1186,0	-0,56250
1186,5	-0,56232
1187,0	-0,56506
1187,5	-0,56488
1188,0	-0,56522
1188,5	-0,56494
1189,0	-0,56246
1189,5	-0,56388
1190,0	-0,56460
1190,5	-0,56462
1191,0	-0,56464
1191,5	-0,56492
1192,0	-0,56476
1192,5	-0,56286
1193,0	-0,56214
1193,5	-0,56294
1194,0	-0,56188
1194,5	-0,56276
1195,0	-0,56254
1195,5	-0,56070
1196,0	-0,56130
1196,5	-0,56206
1197,0	-0,56260
1197,5	-0,56300
1198,0	-0,56334
1198,5	-0,56392
1199,0	-0,56176
1199,5	-0,56330
1200,0	-0,56422
1200,5	-0,56308
1201,0	-0,56364
1201,5	-0,56456
1202,0	-0,56514
1202,5	-0,56558
1203,0	-0,56320
1203,5	-0,56356
1204,0	-0,56418
1204,5	-0,56318
1205,0	-0,56254
1205,5	-0,56176
1206,0	-0,56214
1206,5	-0,56120
1207,0	-0,56418
1207,5	-0,56474
1208,0	-0,56478
1208,5	-0,56702
1209,0	-0,56510
1209,5	-0,56574
1210,0	-0,56632
1210,5	-0,56528
1211,0	-0,56712
1211,5	-0,56834
1212,0	-0,56748
1212,5	-0,57008
1213,0	-0,57024
1213,5	-0,57108
1214,0	-0,57098
1214,5	-0,56998
1215,0	-0,56948
1215,5	-0,56792
1216,0	-0,56966
1216,5	-0,57030
1217,0	-0,56938
1217,5	-0,57074
1218,0	-0,57086
1218,5	-0,57034
1219,0	-0,56960
1219,5	-0,56950
1220,0	-0,57294
1220,5	-0,57334
1221,0	-0,57352
1221,5	-0,57598
1222,0	-0,57466
1222,5	-0,57850
1223,0	-0,57748
1223,5	-0,57766
1224,0	-0,57780
1224,5	-0,57784
1225,0	-0,57926
1225,5	-0,57854
1226,0	-0,57882
1226,5	-0,57944
1227,0	-0,57936
1227,5	-0,57780
1228,0	-0,57772
1228,5	-0,57862
1229,0	-0,57944
1229,5	-0,57850
1230,0	-0,57936
1230,5	-0,58098
1231,0	-0,58180
1231,5	-0,58328
1232,0	-0,58236
1232,5	-0,58214
1233,0	-0,58270
1233,5	-0,58474
1234,0	-0,58538
1234,5	-0,58618
1235,0	-0,58846
1235,5	-0,58826
1236,0	-0,58632
1236,5	-0,58830
1237,0	-0,58908
1237,5	-0,58920
1238,0	-0,58982
1238,5	-0,59046
1239,0	-0,58982
1239,5	-0,58974
1240,0	-0,59092
1240,5	-0,59288
1241,0	-0,59186
1241,5	-0,59262
1242,0	-0,59462
1242,5	-0,59380
1243,0	-0,59386
1243,5	-0,59512
1244,0	-0,59528
1244,5	-0,59590
1245,0	-0,59548
1245,5	-0,59578
1246,0	-0,59762
1246,5	-0,59796
1247,0	-0,59786
1247,5	-0,59974
1248,0	-0,60120
1248,5	-0,60158
1249,0	-0,60108
1249,5	-0,60060
1250,0	-0,60244
1250,5	-0,60254
1251,0	-0,60304
1251,5	-0,60248
1252,0	-0,60254
1252,5	-0,60272
1253,0	-0,60496
1253,5	-0,60672
1254,0	-0,60790
1254,5	-0,60462
1255,0	-0,60454
1255,5	-0,60538
1256,0	-0,60554
1256,5	-0,60758
1257,0	-0,60742
1257,5	-0,60774
1258,0	-0,60900
1258,5	-0,60824
1259,0	-0,60896
1259,5	-0,61038
1260,0	-0,61008
1260,5	-0,60936
1261,0	-0,61018
1261,5	-0,61000
1262,0	-0,61166
1262,5	-0,61304
1263,0	-0,61448
1263,5	-0,61324
1264,0	-0,61316
1264,5	-0,61286
1265,0	-0,61622
1265,5	-0,61732
1266,0	-0,61582
1266,5	-0,61330
1267,0	-0,61464
1267,5	-0,61464
1268,0	-0,61756
1268,5	-0,61848
1269,0	-0,61868
1269,5	-0,61878
1270,0	-0,61840
1270,5	-0,61828
1271,0	-0,61920
1271,5	-0,61934
1272,0	-0,62282
1272,5	-0,62444
1273,0	-0,62286
1273,5	-0,62252
1274,0	-0,62414
1274,5	-0,62218
1275,0	-0,62362
1275,5	-0,62622
1276,0	-0,62670
1276,5	-0,62318
1277,0	-0,62412
1277,5	-0,62456
1278,0	-0,62812
1278,5	-0,62934
1279,0	-0,62906
1279,5	-0,62980
1280,0	-0,63136
1280,5	-0,63406
1281,0	-0,63470
1281,5	-0,63388
1282,0	-0,63598
1282,5	-0,63580
1283,0	-0,63762
1283,5	-0,63964
1284,0	-0,64038
1284,5	-0,64196
1285,0	-0,64228
1285,5	-0,64208
1286,0	-0,63940
1286,5	-0,63888
1287,0	-0,64126
1287,5	-0,64166
1288,0	-0,64396
1288,5	-0,64554
1289,0	-0,64450
1289,5	-0,64506
1290,0	-0,64658
1290,5	-0,64652
1291,0	-0,64806
1291,5	-0,64786
1292,0	-0,64848
1292,5	-0,64800
1293,0	-0,64748
1293,5	-0,64940
1294,0	-0,64996
1294,5	-0,65058
1295,0	-0,65196
1295,5	-0,65208
1296,0	-0,65266
1296,5	-0,65298
1297,0	-0,65294
1297,5	-0,65200
1298,0	-0,65258
1298,5	-0,65096
1299,0	-0,65162
1299,5	-0,65184
1300,0	-0,65038
1300,5	-0,65012
1301,0	-0,65086
1301,5	-0,64910
1302,0	-0,64966
1302,5	-0,65104
1303,0	-0,65146
1303,5	-0,65348
1304,0	-0,65240
1304,5	-0,65292
1305,0	-0,65354
1305,5	-0,65404
1306,0	-0,65432
1306,5	-0,65422
1307,0	-0,65448
1307,5	-0,65264
1308,0	-0,65246
1308,5	-0,65558
1309,0	-0,65624
1309,5	-0,65502
1310,0	-0,65600
1310,5	-0,65312
1311,0	-0,65362
1311,5	-0,65596
1312,0	-0,65576
1312,5	-0,65538
1313,0	-0,65408
1313,5	-0,65368
1314,0	-0,65524
1314,5	-0,65600
1315,0	-0,65656
1315,5	-0,65746
1316,0	-0,65550
1316,5	-0,65638
1317,0	-0,65836
1317,5	-0,65502
1318,0	-0,65630
1318,5	-0,65676
1319,0	-0,65470
1319,5	-0,65518
1320,0	-0,65462
1320,5	-0,65520
1321,0	-0,65740
1321,5	-0,66036
1322,0	-0,65882
1322,5	-0,65806
1323,0	-0,65668
1323,5	-0,65770
1324,0	-0,65644
1324,5	-0,65596
1325,0	-0,65582
1325,5	-0,65592
1326,0	-0,65632
1326,5	-0,65748
1327,0	-0,65760
1327,5	-0,65882
1328,0	-0,65600
1328,5	-0,65390
1329,0	-0,65408
1329,5	-0,66000
1330,0	-0,66192
1330,5	-0,66326
1331,0	-0,66000
1331,5	-0,66030
1332,0	-0,66054
1332,5	-0,66178
1333,0	-0,65896
1333,5	-0,66064
1334,0	-0,65902
1334,5	-0,65554
1335,0	-0,65542
1335,5	-0,65554
1336,0	-0,65848
1336,5	-0,65816
1337,0	-0,65484
1337,5	-0,65368
1338,0	-0,65078
1338,5	-0,65196
1339,0	-0,65390
1339,5	-0,65462
1340,0	-0,65564
1340,5	-0,65410
1341,0	-0,65398
1341,5	-0,65408
1342,0	-0,65384
1342,5	-0,65570
1343,0	-0,65400
1343,5	-0,65270
1344,0	-0,65124
1344,5	-0,65056
1345,0	-0,65410
1345,5	-0,65548
1346,0	-0,65542
1346,5	-0,65436
1347,0	-0,65282
1347,5	-0,65222
1348,0	-0,65224
1348,5	-0,65206
1349,0	-0,65054
1349,5	-0,64964
1350,0	-0,65004
1350,5	-0,64898
1351,0	-0,65058
1351,5	-0,65194
1352,0	-0,65056
1352,5	-0,64856
1353,0	-0,64606
1353,5	-0,64652
1354,0	-0,64802
1354,5	-0,64786
1355,0	-0,64950
1355,5	-0,64890
1356,0	-0,64692
1356,5	-0,64696
1357,0	-0,64582
1357,5	-0,64704
1358,0	-0,64604
1358,5	-0,64372
1359,0	-0,64638
1359,5	-0,64488
1360,0	-0,64604
1360,5	-0,64886
1361,0	-0,64718
1361,5	-0,64830
1362,0	-0,64608
1362,5	-0,64376
1363,0	-0,64310
1363,5	-0,64266
1364,0	-0,64328
1364,5	-0,64056
1365,0	-0,63858
1365,5	-0,63330
1366,0	-0,63402
1366,5	-0,63660
1367,0	-0,63838
1367,5	-0,63700
1368,0	-0,63624
1368,5	-0,63450
1369,0	-0,63498
1369,5	-0,63486
1370,0	-0,63540
1370,5	-0,63628
1371,0	-0,63370
1371,5	-0,63296
1372,0	-0,63176
1372,5	-0,63378
1373,0	-0,63526
1373,5	-0,63300
1374,0	-0,63436
1374,5	-0,63216
1375,0	-0,63216
1375,5	-0,63186
1376,0	-0,63366
1376,5	-0,63572
1377,0	-0,63388
1377,5	-0,63462
1378,0	-0,63320
1378,5	-0,63238
1379,0	-0,63288
1379,5	-0,63030
1380,0	-0,62906
1380,5	-0,62690
1381,0	-0,62608
1381,5	-0,62528
1382,0	-0,62666
1382,5	-0,62480
1383,0	-0,62448
1383,5	-0,62368
1384,0	-0,62418
1384,5	-0,62362
1385,0	-0,62422
1385,5	-0,62618
1386,0	-0,62380
1386,5	-0,62212
1387,0	-0,61868
1387,5	-0,61542
1388,0	-0,61612
1388,5	-0,61602
1389,0	-0,61676
1389,5	-0,61574
1390,0	-0,61514
1390,5	-0,61494
1391,0	-0,61420
1391,5	-0,61356
1392,0	-0,61464
1392,5	-0,61260
1393,0	-0,61198
1393,5	-0,61078
1394,0	-0,61128
1394,5	-0,61202
1395,0	-0,61076
1395,5	-0,61124
1396,0	-0,61076
1396,5	-0,61030
1397,0	-0,61038
1397,5	-0,60962
1398,0	-0,61024
1398,5	-0,60834
1399,0	-0,60816
1399,5	-0,60820
1400,0	-0,60836
1400,5	-0,60970
1401,0	-0,60772
1401,5	-0,60708
1402,0	-0,60794
1402,5	-0,60536
1403,0	-0,60506
1403,5	-0,60434
1404,0	-0,60518
1404,5	-0,60516
1405,0	-0,60240
1405,5	-0,59972
1406,0	-0,60090
1406,5	-0,60188
1407,0	-0,60072
1407,5	-0,60020
1408,0	-0,59880
1408,5	-0,59786
1409,0	-0,59698
1409,5	-0,59564
1410,0	-0,59664
1410,5	-0,59644
1411,0	-0,59564
1411,5	-0,59572
1412,0	-0,59310
1412,5	-0,59304
1413,0	-0,59344
1413,5	-0,59378
1414,0	-0,59270
1414,5	-0,59010
1415,0	-0,58776
1415,5	-0,58830
1416,0	-0,58952
1416,5	-0,59018
1417,0	-0,58814
1417,5	-0,58718
1418,0	-0,58822
1418,5	-0,58692
1419,0	-0,58570
1419,5	-0,58562
1420,0	-0,58588
1420,5	-0,58146
1421,0	-0,58070
1421,5	-0,57916
1422,0	-0,57730
1422,5	-0,57810
1423,0	-0,58032
1423,5	-0,57934
1424,0	-0,57790
1424,5	-0,57610
1425,0	-0,57464
1425,5	-0,57612
1426,0	-0,57662
1426,5	-0,57308
1427,0	-0,57102
1427,5	-0,56918
1428,0	-0,57080
1428,5	-0,56960
1429,0	-0,57200
1429,5	-0,57070
1430,0	-0,56732
1430,5	-0,56542
1431,0	-0,56640
1431,5	-0,56780
1432,0	-0,56704
1432,5	-0,56652
1433,0	-0,56558
1433,5	-0,56530
1434,0	-0,56434
1434,5	-0,56324
1435,0	-0,56428
1435,5	-0,56350
1436,0	-0,56246
1436,5	-0,56274
1437,0	-0,56326
1437,5	-0,55994
1438,0	-0,55992
1438,5	-0,56076
1439,0	-0,56182
1439,5	-0,55848
1440,0	-0,55698
1440,5	-0,55780
1441,0	-0,55918
1441,5	-0,55698
1442,0	-0,55676
1442,5	-0,55596
1443,0	-0,55566
1443,5	-0,55750
1444,0	-0,55850
1444,5	-0,55542
1445,0	-0,55524
1445,5	-0,55292
1446,0	-0,55058
1446,5	-0,55218
1447,0	-0,55202
1447,5	-0,55200
1448,0	-0,55122
1448,5	-0,54852
1449,0	-0,54760
1449,5	-0,54888
1450,0	-0,55054
1450,5	-0,55262
1451,0	-0,55478
1451,5	-0,55448
1452,0	-0,55484
1452,5	-0,55656
1453,0	-0,55726
1453,5	-0,55656
1454,0	-0,54632
1454,5	-0,54424
1455,0	-0,54050
1455,5	-0,54308
1456,0	-0,54072
1456,5	-0,54226
1457,0	-0,54354
1457,5	-0,54072
1458,0	-0,53958
1458,5	-0,53698
1459,0	-0,53654
1459,5	-0,53788
1460,0	-0,53660
1460,5	-0,53570
1461,0	-0,53526
1461,5	-0,53648
1462,0	-0,53422
1462,5	-0,53408
1463,0	-0,53742
1463,5	-0,53544
1464,0	-0,53278
1464,5	-0,53444
1465,0	-0,53482
1465,5	-0,53504
1466,0	-0,53472
1466,5	-0,53340
1467,0	-0,53292
1467,5	-0,52964
1468,0	-0,53068
1468,5	-0,53036
1469,0	-0,53130
1469,5	-0,53142
1470,0	-0,53068
1470,5	-0,52962
1471,0	-0,53070
1471,5	-0,52880
1472,0	-0,52980
1472,5	-0,53186
1473,0	-0,53278
1473,5	-0,53068
1474,0	-0,52694
1474,5	-0,52872
1475,0	-0,52792
1475,5	-0,52956
1476,0	-0,52916
1476,5	-0,52746
1477,0	-0,52786
1477,5	-0,52844
1478,0	-0,52736
1478,5	-0,52930
1479,0	-0,52802
1479,5	-0,52902
1480,0	-0,52764
1480,5	-0,52832
1481,0	-0,53126
1481,5	-0,52936
1482,0	-0,53000
1482,5	-0,52802
1483,0	-0,52482
1483,5	-0,52412
1484,0	-0,52218
1484,5	-0,52462
1485,0	-0,52494
1485,5	-0,52438
1486,0	-0,52588
1486,5	-0,52456
1487,0	-0,52482
1487,5	-0,52484
1488,0	-0,52678
1488,5	-0,52714
1489,0	-0,52534
1489,5	-0,52378
1490,0	-0,52440
1490,5	-0,52610
1491,0	-0,52870
1491,5	-0,52752
1492,0	-0,52782
1492,5	-0,52790
1493,0	-0,52822
1493,5	-0,52998
1494,0	-0,53038
1494,5	-0,53120
1495,0	-0,52968
1495,5	-0,52732
1496,0	-0,52968
1496,5	-0,53166
1497,0	-0,53176
1497,5	-0,53148
1498,0	-0,52930
1498,5	-0,52872
1499,0	-0,52974
1499,5	-0,53066
1500,0	-0,53444
1500,5	-0,53236
1501,0	-0,53274
1501,5	-0,53084
1502,0	-0,52942
1502,5	-0,53116
1503,0	-0,53150
1503,5	-0,53460
1504,0	-0,53550
1504,5	-0,53594
1505,0	-0,53696
1505,5	-0,53698
1506,0	-0,53992
1506,5	-0,53894
1507,0	-0,53688
1507,5	-0,53558
1508,0	-0,53458
1508,5	-0,53594
1509,0	-0,53854
1509,5	-0,54178
1510,0	-0,54630
1510,5	-0,54404
1511,0	-0,54348
1511,5	-0,54480
1512,0	-0,54336
1512,5	-0,54640
1513,0	-0,54662
1513,5	-0,54670
1514,0	-0,54722
1514,5	-0,54762
1515,0	-0,54916
1515,5	-0,54912
1516,0	-0,55010
1516,5	-0,55042
1517,0	-0,54868
1517,5	-0,54952
1518,0	-0,55056
1518,5	-0,55156
1519,0	-0,55476
1519,5	-0,55446
1520,0	-0,55468
1520,5	-0,55596
1521,0	-0,55818
1521,5	-0,56056
1522,0	-0,56122
1522,5	-0,56252
1523,0	-0,56390
1523,5	-0,56328
1524,0	-0,56832
1524,5	-0,56950
1525,0	-0,57162
1525,5	-0,57142
1526,0	-0,57074
1526,5	-0,57136
1527,0	-0,57050
1527,5	-0,57186
1528,0	-0,57388
1528,5	-0,57462
1529,0	-0,57618
1529,5	-0,57412
1530,0	-0,57298
1530,5	-0,57754
1531,0	-0,57910
1531,5	-0,58172
1532,0	-0,58152
1532,5	-0,57928
1533,0	-0,57796
1533,5	-0,57676
1534,0	-0,58072
1534,5	-0,58418
1535,0	-0,58608
1535,5	-0,58630
1536,0	-0,58602
1536,5	-0,58674
1537,0	-0,58882
1537,5	-0,59192
1538,0	-0,59334
1538,5	-0,59070
1539,0	-0,59310
1539,5	-0,59396
1540,0	-0,59468
1540,5	-0,59844
1541,0	-0,59676
1541,5	-0,59798
1542,0	-0,59968
1542,5	-0,60166
1543,0	-0,60398
1543,5	-0,60562
1544,0	-0,60736
1544,5	-0,60566
1545,0	-0,60602
1545,5	-0,60722
1546,0	-0,60932
1546,5	-0,61244
1547,0	-0,61474
1547,5	-0,61286
1548,0	-0,61230
1548,5	-0,61224
1549,0	-0,61448
1549,5	-0,61466
1550,0	-0,61634
1550,5	-0,61696
1551,0	-0,61518
1551,5	-0,61680
1552,0	-0,61832
1552,5	-0,62224
1553,0	-0,62554
1553,5	-0,62450
1554,0	-0,62332
1554,5	-0,62362
1555,0	-0,62644
1555,5	-0,62774
1556,0	-0,63066
1556,5	-0,63166
1557,0	-0,63244
1557,5	-0,63458
1558,0	-0,63590
1558,5	-0,63808
1559,0	-0,63908
1559,5	-0,64010
1560,0	-0,64198
1560,5	-0,64100
1561,0	-0,64212
1561,5	-0,64444
1562,0	-0,64520
1562,5	-0,64818
1563,0	-0,64732
1563,5	-0,64494
1564,0	-0,64782
1564,5	-0,65092
1565,0	-0,65138
1565,5	-0,65256
1566,0	-0,65272
1566,5	-0,65234
1567,0	-0,65396
1567,5	-0,65438
1568,0	-0,65804
1568,5	-0,66046
1569,0	-0,66074
1569,5	-0,66030
1570,0	-0,65860
1570,5	-0,66068
1571,0	-0,66424
1571,5	-0,66550
1572,0	-0,66380
1572,5	-0,66298
1573,0	-0,66382
1573,5	-0,66562
1574,0	-0,66770
1574,5	-0,66868
1575,0	-0,67118
1575,5	-0,67046
1576,0	-0,66970
1576,5	-0,66886
1577,0	-0,67014
1577,5	-0,67252
1578,0	-0,67378
1578,5	-0,67290
1579,0	-0,67280
1579,5	-0,67654
1580,0	-0,67664
1580,5	-0,67878
1581,0	-0,67916
1581,5	-0,67790
1582,0	-0,67768
1582,5	-0,67828
1583,0	-0,67918
1583,5	-0,68008
1584,0	-0,68140
1584,5	-0,68296
1585,0	-0,68438
1585,5	-0,68284
1586,0	-0,68538
1586,5	-0,68798
1587,0	-0,68774
1587,5	-0,68688
1588,0	-0,68662
1588,5	-0,68660
1589,0	-0,68826
1589,5	-0,69048
1590,0	-0,69160
1590,5	-0,69062
1591,0	-0,68972
1591,5	-0,68870
1592,0	-0,69018
1592,5	-0,69190
1593,0	-0,69314
1593,5	-0,69186
1594,0	-0,69040
1594,5	-0,68940
1595,0	-0,69148
1595,5	-0,69220
1596,0	-0,69286
1596,5	-0,69290
1597,0	-0,69158
1597,5	-0,68928
1598,0	-0,68858
1598,5	-0,68938
1599,0	-0,69116
1599,5	-0,69110
1600,0	-0,69088
1600,5	-0,68996
1601,0	-0,69052
1601,5	-0,69038
1602,0	-0,69250
1602,5	-0,69276
1603,0	-0,69154
1603,5	-0,69142
1604,0	-0,69088
1604,5	-0,69178
1605,0	-0,69274
1605,5	-0,69460
1606,0	-0,69426
1606,5	-0,69330
1607,0	-0,69382
1607,5	-0,69400
1608,0	-0,69256
1608,5	-0,69102
1609,0	-0,69270
1609,5	-0,69292
1610,0	-0,69296
1610,5	-0,69212
1611,0	-0,69158
1611,5	-0,69120
1612,0	-0,69986
1612,5	-0,69974
1613,0	-0,69120
1613,5	-0,69716
1614,0	-0,69774
1614,5	-0,70474
1615,0	-0,69868
1615,5	-0,69918
1616,0	-0,69578
1616,5	-0,69482
1617,0	-0,69586
1617,5	-0,69338
1618,0	-0,69420
1618,5	-0,69356
1619,0	-0,68680
1619,5	-0,68824
1620,0	-0,68740
1620,5	-0,69148
1621,0	-0,69054
1621,5	-0,68720
1622,0	-0,69090
1622,5	-0,68542
1623,0	-0,68910
1623,5	-0,68982
1624,0	-0,68568
1624,5	-0,68746
1625,0	-0,68260
1625,5	-0,68384
1626,0	-0,68764
1626,5	-0,68320
1627,0	-0,68654
1627,5	-0,68332
1628,0	-0,68200
1628,5	-0,68334
1629,0	-0,68114
1629,5	-0,68368
1630,0	-0,68340
1630,5	-0,68218
1631,0	-0,68138
1631,5	-0,67592
1632,0	-0,67964
1632,5	-0,68008
1633,0	-0,67870
1633,5	-0,67784
1634,0	-0,67168
1634,5	-0,67546
1635,0	-0,67682
1635,5	-0,67556
1636,0	-0,67890
1636,5	-0,67436
1637,0	-0,67374
1637,5	-0,67034
1638,0	-0,66704
1638,5	-0,67028
1639,0	-0,66832
1639,5	-0,67004
1640,0	-0,66926
1640,5	-0,66356
1641,0	-0,66490
1641,5	-0,66308
1642,0	-0,66572
1642,5	-0,66588
1643,0	-0,66080
1643,5	-0,66238
1644,0	-0,65700
1644,5	-0,65716
1645,0	-0,66140
1645,5	-0,65754
1646,0	-0,65848
1646,5	-0,65198
1647,0	-0,65220
1647,5	-0,65578
1648,0	-0,65600
1648,5	-0,66074
1649,0	-0,65530
1649,5	-0,65264
1650,0	-0,65088
1650,5	-0,64586
1651,0	-0,65022
1651,5	-0,65002
1652,0	-0,64862
1652,5	-0,64834
1653,0	-0,64270
1653,5	-0,64526
1654,0	-0,64562
1654,5	-0,64568
1655,0	-0,64680
1655,5	-0,64176
1656,0	-0,64310
1656,5	-0,64032
1657,0	-0,64066
1657,5	-0,64454
1658,0	-0,64134
1658,5	-0,64012
1659,0	-0,63794
1659,5	-0,63540
1660,0	-0,63870
1660,5	-0,63446
1661,0	-0,63558
1661,5	-0,63270
1662,0	-0,62690
1662,5	-0,62796
1663,0	-0,62696
1663,5	-0,63034
1664,0	-0,63028
1664,5	-0,62518
1665,0	-0,62536
1665,5	-0,62308
1666,0	-0,62354
1666,5	-0,62340
1667,0	-0,62028
1667,5	-0,62096
1668,0	-0,61598
1668,5	-0,61600
1669,0	-0,61538
1669,5	-0,61332
1670,0	-0,61688
1670,5	-0,61178
1671,0	-0,60754
1671,5	-0,60792
1672,0	-0,60516
1672,5	-0,60980
1673,0	-0,61074
1673,5	-0,60796
1674,0	-0,60464
1674,5	-0,59810
1675,0	-0,59916
1675,5	-0,59880
1676,0	-0,59876
1676,5	-0,59958
1677,0	-0,59452
1677,5	-0,59398
1678,0	-0,59310
1678,5	-0,59302
1679,0	-0,59600
1679,5	-0,59198
1680,0	-0,59150
1680,5	-0,58996
1681,0	-0,58620
1681,5	-0,58766
1682,0	-0,58622
1682,5	-0,58676
1683,0	-0,58580
1683,5	-0,58030
1684,0	-0,58202
1684,5	-0,58024
1685,0	-0,58140
1685,5	-0,58278
1686,0	-0,57818
1686,5	-0,57736
1687,0	-0,57418
1687,5	-0,57382
1688,0	-0,57628
1688,5	-0,57216
1689,0	-0,57400
1689,5	-0,57010
1690,0	-0,56716
1690,5	-0,56688
1691,0	-0,56526
1691,5	-0,56614
1692,0	-0,56442
1692,5	-0,56214
1693,0	-0,56082
1693,5	-0,55908
1694,0	-0,56070
1694,5	-0,56038
1695,0	-0,56016
1695,5	-0,55854
1696,0	-0,55404
1696,5	-0,55510
1697,0	-0,55470
1697,5	-0,55318
1698,0	-0,55488
1698,5	-0,55266
1699,0	-0,55068
1699,5	-0,54652
1700,0	-0,54590
1700,5	-0,54824
1701,0	-0,54408
1701,5	-0,54242
1702,0	-0,54084
1702,5	-0,53774
1703,0	-0,54022
1703,5	-0,54058
1704,0	-0,54232
1704,5	-0,54236
1705,0	-0,53898
1705,5	-0,53922
1706,0	-0,53846
1706,5	-0,53966
1707,0	-0,54086
1707,5	-0,53604
1708,0	-0,53330
1708,5	-0,53052
1709,0	-0,52988
1709,5	-0,53306
1710,0	-0,53058
1710,5	-0,53170
1711,0	-0,52818
1711,5	-0,52708
1712,0	-0,52852
1712,5	-0,52822
1713,0	-0,53236
1713,5	-0,52982
1714,0	-0,52600
1714,5	-0,52478
1715,0	-0,52356
1715,5	-0,52490
1716,0	-0,52544
1716,5	-0,52650
1717,0	-0,52664
1717,5	-0,52212
1718,0	-0,52092
1718,5	-0,52046
1719,0	-0,51920
1719,5	-0,52176
1720,0	-0,52152
1720,5	-0,52072
1721,0	-0,52060
1721,5	-0,52018
1722,0	-0,52102
1722,5	-0,52028
1723,0	-0,51932
1723,5	-0,51832
1724,0	-0,51500
1724,5	-0,51622
1725,0	-0,51734
1725,5	-0,51820
1726,0	-0,51888
1726,5	-0,51686
1727,0	-0,51562
1727,5	-0,51360
1728,0	-0,51560
1728,5	-0,51690
1729,0	-0,51468
1729,5	-0,51486
1730,0	-0,51376
1730,5	-0,51172
1731,0	-0,51356
1731,5	-0,51294
1732,0	-0,51428
1732,5	-0,51120
1733,0	-0,51256
1733,5	-0,51328
1734,0	-0,51224
1734,5	-0,51514
1735,0	-0,51648
1735,5	-0,51398
1736,0	-0,51446
1736,5	-0,51010
1737,0	-0,51102
1737,5	-0,51214
1738,0	-0,51190
1738,5	-0,51176
1739,0	-0,50840
1739,5	-0,50772
1740,0	-0,51064
1740,5	-0,51342
1741,0	-0,51430
1741,5	-0,51170
1742,0	-0,51092
1742,5	-0,50926
1743,0	-0,50754
1743,5	-0,50998
1744,0	-0,51036
1744,5	-0,51404
1745,0	-0,51318
1745,5	-0,51052
1746,0	-0,51202
1746,5	-0,51114
1747,0	-0,51298
1747,5	-0,51424
1748,0	-0,51238
1748,5	-0,51138
1749,0	-0,51096
1749,5	-0,50914
1750,0	-0,51184
1750,5	-0,51300
1751,0	-0,51234
1751,5	-0,51088
1752,0	-0,51314
1752,5	-0,51402
1753,0	-0,51998
1753,5	-0,51860
1754,0	-0,52180
1754,5	-0,52122
1755,0	-0,52026
1755,5	-0,52056
1756,0	-0,51550
1756,5	-0,51522
1757,0	-0,51906
1757,5	-0,51548
1758,0	-0,51466
1758,5	-0,51476
1759,0	-0,51606
1759,5	-0,52206
1760,0	-0,51948
1760,5	-0,51840
1761,0	-0,51736
1761,5	-0,51510
1762,0	-0,52058
1762,5	-0,52308
1763,0	-0,52264
1763,5	-0,52188
1764,0	-0,51606
1764,5	-0,51768
1765,0	-0,51806
1765,5	-0,52322
1766,0	-0,52402
1766,5	-0,51970
1767,0	-0,51980
1767,5	-0,51816
1768,0	-0,52136
1768,5	-0,52714
1769,0	-0,52780
1769,5	-0,53016
1770,0	-0,52542
1770,5	-0,52126
1771,0	-0,52262
1771,5	-0,52314
1772,0	-0,52602
1772,5	-0,52642
1773,0	-0,52486
1773,5	-0,52370
1774,0	-0,52334
1774,5	-0,52804
1775,0	-0,52992
1775,5	-0,53054
1776,0	-0,53116
1776,5	-0,52724
1777,0	-0,52912
1777,5	-0,53120
1778,0	-0,53430
1778,5	-0,53762
1779,0	-0,53428
1779,5	-0,53110
1780,0	-0,53394
1780,5	-0,53826
1781,0	-0,54186
1781,5	-0,54160
1782,0	-0,54172
1782,5	-0,53938
1783,0	-0,53670
1783,5	-0,54086
1784,0	-0,54168
1784,5	-0,54282
1785,0	-0,54130
1785,5	-0,53768
1786,0	-0,54022
1786,5	-0,54236
1787,0	-0,54490
1787,5	-0,54890
1788,0	-0,54670
1788,5	-0,54644
1789,0	-0,54220
1789,5	-0,54426
1790,0	-0,54922
1790,5	-0,55006
1791,0	-0,55250
1791,5	-0,54854
1792,0	-0,54664
1792,5	-0,55202
1793,0	-0,55550
1793,5	-0,55790
1794,0	-0,55560
1794,5	-0,55362
1795,0	-0,55386
1795,5	-0,55588
1796,0	-0,55850
1796,5	-0,56096
1797,0	-0,56064
1797,5	-0,56226
1798,0	-0,56056
1798,5	-0,56052
1799,0	-0,56110
1799,5	-0,56254
1800,0	-0,56580
1800,5	-0,56664
1801,0	-0,56680
1801,5	-0,56760
1802,0	-0,56828
1802,5	-0,57210
1803,0	-0,57316
1803,5	-0,57264
1804,0	-0,57140
1804,5	-0,57040
1805,0	-0,57304
1805,5	-0,57496
1806,0	-0,57862
1806,5	-0,57982
1807,0	-0,57728
1807,5	-0,57760
1808,0	-0,57654
1808,5	-0,57864
1809,0	-0,58282
1809,5	-0,58294
1810,0	-0,58296
1810,5	-0,58230
1811,0	-0,58408
1811,5	-0,58644
1812,0	-0,58842
1812,5	-0,59034
1813,0	-0,58622
1813,5	-0,58296
1814,0	-0,58534
1814,5	-0,58874
1815,0	-0,59126
1815,5	-0,59468
1816,0	-0,59334
1816,5	-0,59380
1817,0	-0,59186
1817,5	-0,59514
1818,0	-0,59952
1818,5	-0,60008
1819,0	-0,60048
1819,5	-0,59732
1820,0	-0,59812
1820,5	-0,59992
1821,0	-0,60148
1821,5	-0,60308
1822,0	-0,60174
1822,5	-0,60070
1823,0	-0,60138
1823,5	-0,60246
1824,0	-0,60688
1824,5	-0,60778
1825,0	-0,60972
1825,5	-0,61096
1826,0	-0,60948
1826,5	-0,61280
1827,0	-0,61530
1827,5	-0,61918
1828,0	-0,61906
1828,5	-0,61714
1829,0	-0,61670
1829,5	-0,61718
1830,0	-0,61944
1830,5	-0,62394
1831,0	-0,62614
1831,5	-0,62804
1832,0	-0,62620
1832,5	-0,62554
1833,0	-0,62730
1833,5	-0,62832
1834,0	-0,63236
1834,5	-0,63170
1835,0	-0,62986
1835,5	-0,62850
1836,0	-0,62876
1836,5	-0,63318
1837,0	-0,63434
1837,5	-0,63436
1838,0	-0,63418
1838,5	-0,63430
1839,0	-0,63382
1839,5	-0,63344
1840,0	-0,63670
1840,5	-0,63742
1841,0	-0,63516
1841,5	-0,63548
1842,0	-0,63734
1842,5	-0,64040
1843,0	-0,64422
1843,5	-0,64508
1844,0	-0,64422
1844,5	-0,64316
1845,0	-0,64254
1845,5	-0,64490
1846,0	-0,64608
1846,5	-0,64910
1847,0	-0,64956
1847,5	-0,64932
1848,0	-0,65114
1848,5	-0,65282
1849,0	-0,65578
1849,5	-0,65916
1850,0	-0,65702
1850,5	-0,65580
1851,0	-0,65786
1851,5	-0,65970
1852,0	-0,66256
1852,5	-0,66158
1853,0	-0,66246
1853,5	-0,65856
1854,0	-0,65604
1854,5	-0,65900
1855,0	-0,66140
1855,5	-0,66372
1856,0	-0,66412
1856,5	-0,66116
1857,0	-0,65992
1857,5	-0,66124
1858,0	-0,66634
1858,5	-0,66712
1859,0	-0,66618
1859,5	-0,66454
1860,0	-0,66396
1860,5	-0,66326
1861,0	-0,66400
1861,5	-0,66776
1862,0	-0,66958
1862,5	-0,67018
1863,0	-0,66658
1863,5	-0,66648
1864,0	-0,66794
1864,5	-0,66984
1865,0	-0,66972
1865,5	-0,66946
1866,0	-0,67046
1866,5	-0,67020
1867,0	-0,67244
1867,5	-0,67486
1868,0	-0,67646
1868,5	-0,67640
1869,0	-0,67446
1869,5	-0,67480
1870,0	-0,67554
1870,5	-0,67718
1871,0	-0,67998
1871,5	-0,67996
1872,0	-0,67858
1872,5	-0,67822
1873,0	-0,67692
1873,5	-0,67854
1874,0	-0,68074
1874,5	-0,68106
1875,0	-0,67890
1875,5	-0,67606
1876,0	-0,67442
1876,5	-0,67516
1877,0	-0,67938
1877,5	-0,67832
1878,0	-0,67608
1878,5	-0,67614
1879,0	-0,67554
1879,5	-0,67748
1880,0	-0,67924
1880,5	-0,68022
1881,0	-0,68064
1881,5	-0,67846
1882,0	-0,67886
1882,5	-0,67976
1883,0	-0,68092
1883,5	-0,68262
1884,0	-0,67992
1884,5	-0,67674
1885,0	-0,67784
1885,5	-0,67720
1886,0	-0,67874
1886,5	-0,67968
1887,0	-0,67978
1887,5	-0,67720
1888,0	-0,67810
1888,5	-0,68130
1889,0	-0,68202
1889,5	-0,68236
1890,0	-0,68106
1890,5	-0,67918
1891,0	-0,67766
1891,5	-0,67822
1892,0	-0,67940
1892,5	-0,68120
1893,0	-0,68024
1893,5	-0,67860
1894,0	-0,67676
1894,5	-0,67756
1895,0	-0,67954
1895,5	-0,68088
1896,0	-0,68214
1896,5	-0,68130
1897,0	-0,67702
1897,5	-0,67616
1898,0	-0,67764
1898,5	-0,68074
1899,0	-0,67980
1899,5	-0,67702
1900,0	-0,67412
1900,5	-0,67280
1901,0	-0,67442
1901,5	-0,67308
1902,0	-0,67084
1902,5	-0,67236
1903,0	-0,67156
1903,5	-0,67300
1904,0	-0,67316
1904,5	-0,67076
1905,0	-0,67246
1905,5	-0,67190
1906,0	-0,66966
1906,5	-0,66900
1907,0	-0,67364
1907,5	-0,67806
1908,0	-0,67958
1908,5	-0,68002
1909,0	-0,67536
1909,5	-0,67040
1910,0	-0,66990
1910,5	-0,66978
1911,0	-0,67250
1911,5	-0,67258
1912,0	-0,66792
1912,5	-0,66762
1913,0	-0,66644
1913,5	-0,67148
1914,0	-0,67514
1914,5	-0,67142
1915,0	-0,66992
1915,5	-0,66398
1916,0	-0,66358
1916,5	-0,66922
1917,0	-0,66900
1917,5	-0,67068
1918,0	-0,66618
1918,5	-0,66256
1919,0	-0,65916
1919,5	-0,66050
1920,0	-0,66540
1920,5	-0,66346
1921,0	-0,66124
1921,5	-0,65864
1922,0	-0,65538
1922,5	-0,65852
1923,0	-0,66166
1923,5	-0,66304
1924,0	-0,66062
1924,5	-0,65494
1925,0	-0,65478
1925,5	-0,65544
1926,0	-0,65856
1926,5	-0,65830
1927,0	-0,65500
1927,5	-0,65078
1928,0	-0,64846
1928,5	-0,65080
1929,0	-0,65516
1929,5	-0,65510
1930,0	-0,65496
1930,5	-0,65080
1931,0	-0,64686
1931,5	-0,64590
1932,0	-0,64844
1932,5	-0,65280
1933,0	-0,65134
1933,5	-0,64628
1934,0	-0,64458
1934,5	-0,64428
1935,0	-0,64710
1935,5	-0,64870
1936,0	-0,64670
1936,5	-0,64414
1937,0	-0,63974
1937,5	-0,64032
1938,0	-0,64564
1938,5	-0,64550
1939,0	-0,64796
1939,5	-0,64320
1940,0	-0,63836
1940,5	-0,63686
1941,0	-0,63688
1941,5	-0,64316
1942,0	-0,64434
1942,5	-0,64148
1943,0	-0,63838
1943,5	-0,63428
1944,0	-0,63666
1944,5	-0,64030
1945,0	-0,64080
1945,5	-0,64038
1946,0	-0,63552
1946,5	-0,63196
1947,0	-0,62946
1947,5	-0,63312
1948,0	-0,63674
1948,5	-0,63634
1949,0	-0,63252
1949,5	-0,62858
1950,0	-0,62662
1950,5	-0,62962
1951,0	-0,62980
1951,5	-0,63172
1952,0	-0,62704
1952,5	-0,62312
1953,0	-0,62238
1953,5	-0,62058
1954,0	-0,62300
1954,5	-0,62366
1955,0	-0,62028
1955,5	-0,61800
1956,0	-0,61640
1956,5	-0,61912
1957,0	-0,62312
1957,5	-0,62130
1958,0	-0,61932
1958,5	-0,61422
1959,0	-0,61162
1959,5	-0,61230
1960,0	-0,61206
1960,5	-0,61554
1961,0	-0,61338
1961,5	-0,60610
1962,0	-0,60546
1962,5	-0,60542
1963,0	-0,60864
1963,5	-0,60904
1964,0	-0,60762
1964,5	-0,60658
1965,0	-0,60348
1965,5	-0,60220
1966,0	-0,60200
1966,5	-0,60246
1967,0	-0,60340
1967,5	-0,59796
1968,0	-0,59490
1968,5	-0,59440
1969,0	-0,59556
1969,5	-0,60232
1970,0	-0,60184
1970,5	-0,59758
1971,0	-0,59586
1971,5	-0,59380
1972,0	-0,59578
1972,5	-0,59876
1973,0	-0,60004
1973,5	-0,59838
1974,0	-0,59136
1974,5	-0,58942
1975,0	-0,59002
1975,5	-0,59200
1976,0	-0,59346
1976,5	-0,59110
1977,0	-0,58754
1977,5	-0,58498
1978,0	-0,58650
1978,5	-0,59132
1979,0	-0,59194
1979,5	-0,59024
1980,0	-0,58766
1980,5	-0,58504
1981,0	-0,58498
1981,5	-0,58528
1982,0	-0,58678
1982,5	-0,58488
1983,0	-0,58096
1983,5	-0,57794
1984,0	-0,57584
1984,5	-0,57876
1985,0	-0,57990
1985,5	-0,57930
1986,0	-0,57872
1986,5	-0,57282
1987,0	-0,57304
1987,5	-0,57526
1988,0	-0,57874
1988,5	-0,58010
1989,0	-0,57650
1989,5	-0,57398
1990,0	-0,57148
1990,5	-0,57036
1991,0	-0,57352
1991,5	-0,57336
1992,0	-0,57188
1992,5	-0,56808
1993,0	-0,56470
1993,5	-0,56800
1994,0	-0,56808
1994,5	-0,56928
1995,0	-0,56936
1995,5	-0,56466
1996,0	-0,56298
1996,5	-0,56216
1997,0	-0,56440
1997,5	-0,56622
1998,0	-0,56560
1998,5	-0,56374
1999,0	-0,55994
1999,5	-0,55906
2000,0	-0,56106
2000,5	-0,56128
2001,0	-0,56150
2001,5	-0,55864
2002,0	-0,55624
2002,5	-0,55432
2003,0	-0,55226
2003,5	-0,55504
2004,0	-0,55416
2004,5	-0,55260
2005,0	-0,55130
2005,5	-0,54830
2006,0	-0,55072
2006,5	-0,55278
2007,0	-0,55332
2007,5	-0,55302
2008,0	-0,54894
2008,5	-0,54898
2009,0	-0,55094
2009,5	-0,55280
2010,0	-0,55236
2010,5	-0,54854
2011,0	-0,54628
2011,5	-0,54406
2012,0	-0,54416
2012,5	-0,54694
2013,0	-0,54674
2013,5	-0,54532
2014,0	-0,54300
2014,5	-0,54128
2015,0	-0,54244
2015,5	-0,54540
2016,0	-0,54762
2016,5	-0,54756
2017,0	-0,54288
2017,5	-0,53972
2018,0	-0,53764
2018,5	-0,53868
2019,0	-0,54260
2019,5	-0,54352
2020,0	-0,54148
2020,5	-0,53770
2021,0	-0,53832
2021,5	-0,53882
2022,0	-0,53990
2022,5	-0,54096
2023,0	-0,53646
2023,5	-0,53464
2024,0	-0,53226
2024,5	-0,53184
2025,0	-0,53396
2025,5	-0,53712
2026,0	-0,53680
2026,5	-0,53470
2027,0	-0,53048
2027,5	-0,53220
2028,0	-0,53336
2028,5	-0,53560
2029,0	-0,53558
2029,5	-0,53306
2030,0	-0,53304
2030,5	-0,53414
2031,0	-0,53486
2031,5	-0,53650
2032,0	-0,53642
2032,5	-0,53346
2033,0	-0,53160
2033,5	-0,53122
2034,0	-0,53358
2034,5	-0,53608
2035,0	-0,53812
2035,5	-0,53606
2036,0	-0,53152
2036,5	-0,53196
2037,0	-0,53124
2037,5	-0,53316
2038,0	-0,53320
2038,5	-0,53230
2039,0	-0,53108
2039,5	-0,52932
2040,0	-0,53056
2040,5	-0,53218
2041,0	-0,53278
2041,5	-0,53114
2042,0	-0,52830
2042,5	-0,52728
2043,0	-0,52960
2043,5	-0,52966
2044,0	-0,53276
2044,5	-0,53378
2045,0	-0,53262
2045,5	-0,53100
2046,0	-0,52920
2046,5	-0,53198
2047,0	-0,53458
2047,5	-0,53344
2048,0	-0,53406
2048,5	-0,53320
2049,0	-0,53302
2049,5	-0,53442
2050,0	-0,53662
2050,5	-0,53696
2051,0	-0,53418
2051,5	-0,53310
2052,0	-0,53322
2052,5	-0,53412
2053,0	-0,53484
2053,5	-0,53642
2054,0	-0,53464
2054,5	-0,53132
2055,0	-0,53176
2055,5	-0,53562
2056,0	-0,53714
2056,5	-0,53654
2057,0	-0,53612
2057,5	-0,53328
2058,0	-0,53396
2058,5	-0,53526
2059,0	-0,53670
2059,5	-0,53746
2060,0	-0,53652
2060,5	-0,53554
2061,0	-0,54120
2061,5	-0,54644
2062,0	-0,54774
2062,5	-0,54418
2063,0	-0,54410
2063,5	-0,54186
2064,0	-0,54194
2064,5	-0,54634
2065,0	-0,54646
2065,5	-0,55082
2066,0	-0,54792
2066,5	-0,54626
2067,0	-0,54114
2067,5	-0,53862
2068,0	-0,54122
2068,5	-0,53908
2069,0	-0,54048
2069,5	-0,53890
2070,0	-0,53504
2070,5	-0,53696
2071,0	-0,53596
2071,5	-0,53776
2072,0	-0,53602
2072,5	-0,53372
2073,0	-0,53750
2073,5	-0,53724
2074,0	-0,53796
2074,5	-0,54158
2075,0	-0,54166
2075,5	-0,54116
2076,0	-0,53942
2076,5	-0,53978
2077,0	-0,54054
2077,5	-0,54150
2078,0	-0,54340
2078,5	-0,54156
2079,0	-0,53956
2079,5	-0,54036
2080,0	-0,54158
2080,5	-0,54468
2081,0	-0,54350
2081,5	-0,54208
2082,0	-0,54352
2082,5	-0,54198
2083,0	-0,54358
2083,5	-0,54246
2084,0	-0,54512
2084,5	-0,54610
2085,0	-0,54276
2085,5	-0,54424
2086,0	-0,54424
2086,5	-0,54446
2087,0	-0,54762
2087,5	-0,54694
2088,0	-0,54822
2088,5	-0,54758
2089,0	-0,54542
2089,5	-0,54868
2090,0	-0,54754
2090,5	-0,54964
2091,0	-0,55098
2091,5	-0,54834
2092,0	-0,54872
2092,5	-0,54848
2093,0	-0,55114
2093,5	-0,55010
2094,0	-0,54876
2094,5	-0,55244
2095,0	-0,55268
2095,5	-0,55442
2096,0	-0,55400
2096,5	-0,55462
2097,0	-0,55614
2097,5	-0,55630
2098,0	-0,55464
2098,5	-0,55342
2099,0	-0,55320
2099,5	-0,55786
2100,0	-0,55784
2100,5	-0,55558
2101,0	-0,55650
2101,5	-0,55592
2102,0	-0,55826
2102,5	-0,55876
2103,0	-0,55922
2103,5	-0,55828
2104,0	-0,55606
2104,5	-0,56050
2105,0	-0,56348
2105,5	-0,56350
2106,0	-0,56468
2106,5	-0,56376
2107,0	-0,56292
2107,5	-0,56196
2108,0	-0,56324
2108,5	-0,56400
2109,0	-0,56426
2109,5	-0,56724
2110,0	-0,56638
2110,5	-0,56462
2111,0	-0,56830
2111,5	-0,56884
2112,0	-0,57060
2112,5	-0,57036
2113,0	-0,56900
2113,5	-0,56922
2114,0	-0,57002
2114,5	-0,57342
2115,0	-0,57500
2115,5	-0,57514
2116,0	-0,57642
2116,5	-0,57634
2117,0	-0,57666
2117,5	-0,57858
2118,0	-0,57930
2118,5	-0,58196
2119,0	-0,57888
2119,5	-0,57818
2120,0	-0,57694
2120,5	-0,57816
2121,0	-0,58170
2121,5	-0,58280
2122,0	-0,58254
2122,5	-0,58388
2123,0	-0,58434
2123,5	-0,58680
2124,0	-0,58848
2124,5	-0,59062
2125,0	-0,59088
2125,5	-0,58750
2126,0	-0,58762
2126,5	-0,58940
2127,0	-0,58940
2127,5	-0,59128
2128,0	-0,58878
2128,5	-0,59010
2129,0	-0,59070
2129,5	-0,59306
